168 12 1
168 86 1
168 159 2
168 224 2
168 165 1
168 12 1
168 159 1
168 159 1
168 224 2
168 86 1
168 165 1
168 173 2
168 173 2
168 283 26
79 28 1
79 101 1
79 28 1
79 101 1
79 35 1
79 80 8
79 84 1
79 108 1
79 87 6
79 117 2
79 80 8
79 84 1
79 108 1
79 87 6
79 117 2
79 35 1
108 9 1
108 73 2
108 80 1
108 5 1
108 29 2
108 131 1
108 106 1
108 6 2
108 129 1
108 129 5
108 34 1
108 34 1
108 75 1
108 75 1
108 85 2
108 9 1
108 73 2
108 80 1
108 5 1
108 29 2
108 131 1
108 106 1
108 6 2
108 129 1
108 129 5
108 34 1
108 34 1
108 75 1
108 75 1
108 85 2
108 116 1
108 116 3
108 52 3
108 24 2
108 213 2
108 241 3
108 116 1
108 116 3
108 52 3
108 24 2
108 213 2
108 241 3
108 283 7
258 259 1
258 48 1
258 50 1
258 238 1
258 21 1
258 55 1
258 25 2
258 140 1
258 240 4
258 193 1
258 259 1
258 48 1
258 50 1
258 21 1
258 55 1
258 25 2
258 140 1
258 240 4
258 238 1
258 193 1
258 283 1
258 283 4
142 110 1
142 16 1
142 16 4
142 110 1
142 16 1
142 16 4
142 264 1
142 55 1
142 265 1
142 265 1
142 266 2
142 70 1
142 70 6
142 264 3
142 22 2
142 23 2
142 23 2
142 36 1
142 56 1
142 140 2
142 146 2
142 250 2
142 267 1
142 265 1
142 265 1
142 266 2
142 70 1
142 70 6
142 264 3
142 264 1
142 22 2
142 23 2
142 23 2
142 55 1
142 36 1
142 56 1
142 140 2
142 146 2
142 250 2
142 267 1
245 93 1
245 203 2
245 136 3
245 136 5
245 205 1
245 208 1
245 208 1
245 93 1
245 203 2
245 136 3
245 136 5
245 205 1
245 208 1
245 208 1
245 139 1
245 182 1
245 139 8
245 182 1
245 139 8
245 139 1
245 182 1
245 182 1
91 90 1
91 6 1
91 76 1
91 26 1
91 9 2
91 9 4
91 10 2
91 10 5
91 11 1
91 43 2
91 92 1
91 92 2
91 5 2
91 33 2
91 12 3
91 13 2
91 13 2
91 15 1
91 6 4
91 34 1
91 17 3
91 75 2
91 76 1
91 25 1
91 90 1
91 9 2
91 9 4
91 10 2
91 10 5
91 11 1
91 43 2
91 92 1
91 92 2
91 5 2
91 33 2
91 12 3
91 13 2
91 13 2
91 15 1
91 6 4
91 6 1
91 34 1
91 17 3
91 75 2
91 76 1
91 76 1
91 25 1
91 26 1
94 91 1
94 65 1
94 65 2
94 91 1
94 65 1
94 65 2
94 76 1
94 55 1
94 261 2
94 50 4
94 76 6
94 22 1
94 22 6
94 23 4
94 25 1
94 143 4
94 58 1
94 262 1
94 262 1
94 263 2
94 261 2
94 50 4
94 76 6
94 76 1
94 22 1
94 22 6
94 23 4
94 55 1
94 25 1
94 143 4
94 58 1
94 262 1
94 262 1
94 263 2
71 63 1
71 51 3
71 87 3
71 87 4
71 35 2
71 123 1
71 143 1
71 57 1
71 63 1
71 51 3
71 87 3
71 87 4
71 35 2
71 123 1
71 143 1
71 57 1
71 237 1
71 237 1
71 283 3
71 283 1
116 10 1
116 11 1
116 73 1
116 80 1
116 163 1
116 5 2
116 6 1
116 129 1
116 129 1
116 34 1
116 44 1
116 75 1
116 67 1
116 170 1
116 187 1
116 108 1
116 108 1
116 10 1
116 11 1
116 73 1
116 80 1
116 163 1
116 5 2
116 6 1
116 129 1
116 129 1
116 34 1
116 44 1
116 75 1
116 67 1
116 170 1
116 187 1
116 108 1
116 108 1
116 133 1
116 133 1
116 133 1
116 30 1
116 112 1
116 112 3
116 38 1
116 191 1
116 192 1
116 197 1
116 269 1
116 269 2
116 231 1
116 165 2
116 133 1
116 133 1
116 133 1
116 30 1
116 112 1
116 112 3
116 38 1
116 191 1
116 192 1
116 197 1
116 269 1
116 269 2
116 231 1
116 165 2
116 283 5
116 283 1
90 91 1
90 91 1
90 32 2
90 32 8
90 11 10
90 92 1
90 29 1
90 29 2
90 12 2
90 13 1
90 14 2
90 15 1
90 15 4
90 6 2
90 17 1
90 17 1
90 96 3
90 70 1
90 97 1
90 97 1
90 22 1
90 23 1
90 32 2
90 32 8
90 11 10
90 92 1
90 29 1
90 29 2
90 12 2
90 13 1
90 14 2
90 15 1
90 15 4
90 6 2
90 17 1
90 17 1
90 96 3
90 70 1
90 97 1
90 97 1
90 22 1
90 23 1
267 239 1
267 36 3
267 240 1
267 275 2
267 238 2
267 239 1
267 36 3
267 240 1
267 275 2
267 238 2
267 283 1
267 283 7
241 129 1
241 130 1
241 113 2
241 108 1
241 70 1
241 114 1
241 62 3
241 231 2
241 231 1
241 232 1
241 232 1
241 129 1
241 130 1
241 113 2
241 108 1
241 70 1
241 114 1
241 62 3
241 231 1
241 232 1
241 231 2
241 232 1
241 283 2
111 32 8
111 32 3
111 109 1
111 29 1
111 106 1
111 32 8
111 32 3
111 109 1
111 29 1
111 106 1
111 30 4
111 38 1
111 84 1
111 142 1
111 112 1
111 84 1
111 142 1
111 30 4
111 112 1
111 38 1
249 63 3
249 42 3
249 57 2
249 63 3
249 42 3
249 57 2
96 32 1
96 32 1
96 11 4
96 101 1
96 101 3
96 79 3
96 79 6
96 81 1
96 110 1
96 107 1
96 107 4
96 32 1
96 32 1
96 11 4
96 101 1
96 101 3
96 79 3
96 79 6
96 81 1
96 110 1
96 107 1
96 107 4
12 31 1
12 149 2
12 149 1
12 155 2
12 158 1
12 158 1
12 162 1
12 163 1
12 163 1
12 169 1
12 169 2
12 174 5
12 174 3
12 175 3
12 175 6
12 176 1
12 176 5
12 178 1
12 178 1
12 180 6
12 33 5
12 33 1
12 31 1
12 149 1
12 155 1
12 155 1
12 158 1
12 162 1
12 163 1
12 169 2
12 174 3
12 175 5
12 175 1
12 176 3
12 176 2
12 178 1
12 180 6
12 33 1
12 149 2
12 158 1
12 163 1
12 169 1
12 174 5
12 175 3
12 176 1
12 178 1
12 33 5
12 152 6
12 154 2
12 160 2
12 186 2
12 170 5
12 187 2
12 202 1
12 204 2
12 139 3
12 24 2
12 35 1
12 213 3
12 192 1
12 214 1
12 215 1
12 150 2
12 156 3
12 159 3
12 197 2
12 166 4
12 171 4
12 199 1
12 200 7
12 182 1
12 201 4
12 13 1
12 15 1
12 6 2
12 16 2
12 65 2
12 152 1
12 152 1
12 154 2
12 160 1
12 160 2
12 186 2
12 186 4
12 170 2
12 187 2
12 187 9
12 188 3
12 202 1
12 202 7
12 203 2
12 164 1
12 204 1
12 189 2
12 189 3
12 190 1
12 205 3
12 217 1
12 218 1
12 97 2
12 97 5
12 139 5
12 53 1
12 191 1
12 213 1
12 213 2
12 196 1
12 196 1
12 150 1
12 150 4
12 156 2
12 159 1
12 197 3
12 171 9
12 171 3
12 198 4
12 198 2
12 199 4
12 200 8
12 183 2
12 13 1
12 15 1
12 6 2
12 16 2
12 65 2
12 152 2
12 152 6
12 154 2
12 154 2
12 160 3
12 160 2
12 186 6
12 186 2
12 170 2
12 170 5
12 187 11
12 187 2
12 188 3
12 202 1
12 202 7
12 202 1
12 203 2
12 164 1
12 204 1
12 204 2
12 189 5
12 190 1
12 205 3
12 217 1
12 218 1
12 97 2
12 97 5
12 139 5
12 139 3
12 53 1
12 24 2
12 35 1
12 191 1
12 213 1
12 213 2
12 213 3
12 192 1
12 214 1
12 215 1
12 196 2
12 150 5
12 150 2
12 156 2
12 156 3
12 159 1
12 159 3
12 197 3
12 197 2
12 166 4
12 171 11
12 171 1
12 171 4
12 198 4
12 198 2
12 199 4
12 199 1
12 200 8
12 200 7
12 182 1
12 201 4
12 183 2
123 11 1
123 16 7
123 65 7
123 34 1
123 63 1
123 42 4
123 44 2
123 68 1
123 94 2
123 142 1
123 122 1
123 70 1
123 124 3
123 117 5
123 24 1
123 24 1
123 35 1
123 35 1
123 35 3
123 16 7
123 65 7
123 63 1
123 42 4
123 44 2
123 68 1
123 94 2
123 142 1
123 70 1
123 124 3
123 117 5
123 24 1
123 35 1
123 35 3
123 11 1
123 34 1
123 122 1
123 24 1
123 35 1
123 126 1
123 121 1
123 39 1
123 143 1
123 57 2
123 71 1
123 71 3
123 121 2
123 27 1
123 194 1
123 143 1
123 57 2
123 71 1
123 71 3
123 126 1
123 121 2
123 121 1
123 39 1
123 27 1
123 194 1
235 14 1
235 272 1
235 272 1
235 113 4
235 201 2
235 273 5
235 272 1
235 201 2
235 14 1
235 272 1
235 113 4
235 273 5
235 283 22
187 33 10
187 12 2
187 33 10
187 12 2
187 165 2
187 165 2
187 168 2
187 168 1
187 173 3
187 165 4
187 168 3
187 173 3
187 283 6
23 2 1
23 29 2
23 33 5
23 12 5
23 63 1
23 2 1
23 33 5
23 12 5
23 29 2
23 63 1
23 61 1
23 126 4
23 121 3
23 39 2
23 27 1
23 61 1
23 126 4
23 121 3
23 39 2
23 27 1
33 149 3
33 155 1
33 158 2
33 158 1
33 162 1
33 163 1
33 163 3
33 169 1
33 174 6
33 174 8
33 175 4
33 175 5
33 176 4
33 176 8
33 178 1
33 178 2
33 180 4
33 155 1
33 158 1
33 162 1
33 163 3
33 174 7
33 174 1
33 175 5
33 176 8
33 178 2
33 180 4
33 149 3
33 158 2
33 163 1
33 169 1
33 174 6
33 175 4
33 176 4
33 178 1
33 12 5
33 34 2
33 152 2
33 154 2
33 186 3
33 170 1
33 187 10
33 188 2
33 189 3
33 47 1
33 190 1
33 97 2
33 139 5
33 20 1
33 35 3
33 191 4
33 192 1
33 95 1
33 193 1
33 194 1
33 195 3
33 196 4
33 150 1
33 156 1
33 159 5
33 197 6
33 166 2
33 171 10
33 198 1
33 199 1
33 200 1
33 201 5
33 12 2
33 14 1
33 15 1
33 83 1
33 152 1
33 152 1
33 154 1
33 154 1
33 160 1
33 160 5
33 186 1
33 186 6
33 170 2
33 170 5
33 187 11
33 188 2
33 202 4
33 203 2
33 203 1
33 204 1
33 204 1
33 189 1
33 190 1
33 97 3
33 97 7
33 139 2
33 139 4
33 196 1
33 150 2
33 156 2
33 159 3
33 197 4
33 171 6
33 171 3
33 198 7
33 199 5
33 200 6
33 182 2
33 12 2
33 12 5
33 14 1
33 15 1
33 83 1
33 34 2
33 152 2
33 152 2
33 154 2
33 154 2
33 160 6
33 186 7
33 186 3
33 170 7
33 170 1
33 187 11
33 187 10
33 188 2
33 188 2
33 202 4
33 203 2
33 203 1
33 204 2
33 189 1
33 189 3
33 47 1
33 190 1
33 190 1
33 97 3
33 97 7
33 97 2
33 139 2
33 139 4
33 139 5
33 20 1
33 35 3
33 191 4
33 192 1
33 95 1
33 193 1
33 194 1
33 195 3
33 196 1
33 196 4
33 150 2
33 150 1
33 156 2
33 156 1
33 159 3
33 159 5
33 197 4
33 197 6
33 166 2
33 171 9
33 171 10
33 198 7
33 198 1
33 199 5
33 199 1
33 200 6
33 200 1
33 182 2
33 201 5
58 71 1
58 26 3
58 71 1
58 26 3
58 278 1
58 278 1
58 283 7
58 283 1
107 9 2
107 32 3
107 32 1
107 10 1
107 10 1
107 11 1
107 101 7
107 101 3
107 81 1
107 33 1
107 9 2
107 32 3
107 32 1
107 10 1
107 10 1
107 11 1
107 101 7
107 101 3
107 81 1
107 33 1
107 96 1
107 51 2
107 51 1
107 96 1
107 51 2
107 51 1
55 28 1
55 73 4
55 80 4
55 82 1
55 134 1
55 46 1
55 46 1
55 68 1
55 68 1
55 94 1
55 94 1
55 142 1
55 142 1
55 142 1
55 47 1
55 49 2
55 69 1
55 257 2
55 257 2
55 132 1
55 132 2
55 76 1
55 264 6
55 51 1
55 51 10
55 87 8
55 124 5
55 117 4
55 28 1
55 73 4
55 80 4
55 82 1
55 134 1
55 46 1
55 68 1
55 94 1
55 142 1
55 142 1
55 49 2
55 69 1
55 257 2
55 257 2
55 132 2
55 76 1
55 264 6
55 51 1
55 51 10
55 87 8
55 124 5
55 117 4
55 46 1
55 68 1
55 94 1
55 142 1
55 47 1
55 132 1
55 25 4
55 25 1
55 36 3
55 36 3
55 275 2
55 238 1
55 194 1
55 25 4
55 25 1
55 36 3
55 36 3
55 275 2
55 238 1
55 194 1
178 33 1
178 12 1
178 33 1
178 12 1
106 9 7
106 9 4
106 10 2
106 103 2
106 9 7
106 9 4
106 10 2
106 103 2
106 111 1
106 7 5
106 26 1
106 111 1
106 7 5
106 26 1
135 43 1
135 155 1
135 13 1
135 14 2
135 187 1
135 187 2
135 203 1
135 122 1
135 157 3
135 157 1
135 167 3
135 167 1
135 268 1
135 268 2
135 179 2
135 155 1
135 187 3
135 157 2
135 157 2
135 167 2
135 167 2
135 268 3
135 43 1
135 13 1
135 14 2
135 203 1
135 122 1
135 179 2
135 168 2
135 183 1
135 168 1
135 168 1
135 183 1
135 283 2
135 283 1
197 33 6
197 12 2
197 268 24
197 268 9
197 268 15
197 33 6
197 12 2
197 225 2
197 168 1
197 173 2
197 225 2
197 168 1
197 173 2
197 283 20
46 65 1
46 65 4
46 65 1
46 65 4
46 257 1
46 55 1
46 258 4
46 50 2
46 257 6
46 124 2
46 22 1
46 22 1
46 23 2
46 23 2
46 25 2
46 123 1
46 240 1
46 240 2
46 26 1
46 26 3
46 146 1
46 146 3
46 59 1
46 59 1
46 61 1
46 255 2
46 62 4
46 193 2
46 258 4
46 50 2
46 257 6
46 257 1
46 124 2
46 22 1
46 22 1
46 23 2
46 23 2
46 55 1
46 25 2
46 123 1
46 240 1
46 240 2
46 26 1
46 26 3
46 146 1
46 146 3
46 59 1
46 59 1
46 61 1
46 255 2
46 62 4
46 193 2
232 13 1
232 130 1
232 93 1
232 252 1
232 231 1
232 231 4
232 13 1
232 93 1
232 252 1
232 231 3
232 231 1
232 130 1
232 231 1
232 241 1
232 241 1
232 241 1
232 241 1
232 283 4
232 283 3
14 149 1
14 158 1
14 162 1
14 163 1
14 169 1
14 169 1
14 174 2
14 174 1
14 178 1
14 33 5
14 33 1
14 12 5
14 12 2
14 13 3
14 13 1
14 149 1
14 158 1
14 162 1
14 163 1
14 169 1
14 174 1
14 178 1
14 33 5
14 33 1
14 12 5
14 12 2
14 13 1
14 169 1
14 174 2
14 13 3
14 122 3
14 233 1
14 164 1
14 221 1
14 204 1
14 189 1
14 222 1
14 157 1
14 136 1
14 212 2
14 124 1
14 117 1
14 135 2
14 223 1
14 171 1
14 198 1
14 138 1
14 234 1
14 224 1
14 226 2
14 227 2
14 228 3
14 201 6
14 229 1
14 230 1
14 235 1
14 170 1
14 116 1
14 156 1
14 198 1
14 161 1
14 170 1
14 122 3
14 233 1
14 164 1
14 221 1
14 204 1
14 189 1
14 222 1
14 157 1
14 136 1
14 116 1
14 212 2
14 124 1
14 117 1
14 135 2
14 223 1
14 156 1
14 171 1
14 198 1
14 198 1
14 138 1
14 234 1
14 224 1
14 226 2
14 227 2
14 228 3
14 201 6
14 229 1
14 230 1
14 161 1
14 235 1
19 31 1
19 31 1
19 11 1
19 33 2
19 33 10
19 12 5
19 13 5
19 14 1
19 15 1
19 15 2
19 15 8
19 6 1
19 6 1
19 16 4
19 65 2
19 17 1
19 136 1
19 47 2
19 47 2
19 31 1
19 31 1
19 11 1
19 33 2
19 33 10
19 12 5
19 13 5
19 14 1
19 15 2
19 15 8
19 6 1
19 16 4
19 65 2
19 17 1
19 136 1
19 47 2
19 15 1
19 6 1
19 47 2
19 97 2
19 127 1
19 97 2
19 127 1
19 127 0
136 73 3
136 147 1
136 147 3
136 74 1
136 82 1
136 33 3
136 12 1
136 13 1
136 13 1
136 14 1
136 16 3
136 16 6
136 65 2
136 65 3
136 122 1
136 233 1
136 164 2
136 221 1
136 204 1
136 189 2
136 222 1
136 222 1
136 73 3
136 147 1
136 147 3
136 74 1
136 82 1
136 33 3
136 12 1
136 13 1
136 16 3
136 16 6
136 65 2
136 65 3
136 233 1
136 164 2
136 221 1
136 204 1
136 189 2
136 222 1
136 222 1
136 13 1
136 14 1
136 122 1
136 97 1
136 21 2
136 217 1
136 217 2
136 97 3
136 139 1
136 21 1
136 21 2
136 51 1
136 87 1
136 87 1
136 35 1
136 77 3
136 119 1
136 120 1
136 72 1
136 191 1
136 137 3
136 61 2
136 78 3
136 88 2
136 196 1
136 182 1
136 127 1
136 230 2
136 217 1
136 217 2
136 97 3
136 97 1
136 139 1
136 21 1
136 21 2
136 21 2
136 51 1
136 87 1
136 87 1
136 35 1
136 77 3
136 119 1
136 120 1
136 72 1
136 191 1
136 137 3
136 61 2
136 78 3
136 88 2
136 196 1
136 182 1
136 127 1
136 230 2
143 76 1
143 76 1
143 57 1
143 240 1
143 126 1
143 237 7
143 57 1
143 240 1
143 237 7
143 126 1
143 283 1
143 283 7
214 12 1
214 16 2
214 65 2
214 117 1
214 54 1
214 143 3
214 237 1
214 237 4
214 126 3
214 126 1
214 16 2
214 65 2
214 117 1
214 143 3
214 237 1
214 237 4
214 126 3
214 126 1
214 12 1
214 54 1
120 10 1
120 145 1
120 33 1
120 33 16
120 70 1
120 24 2
120 35 12
120 240 1
120 249 2
120 10 1
120 145 1
120 33 1
120 33 16
120 70 1
120 24 2
120 35 12
120 249 2
120 240 1
120 88 3
120 121 8
120 88 3
120 121 8
72 12 4
72 12 9
72 24 5
72 35 2
72 237 1
72 12 4
72 12 9
72 24 5
72 35 2
72 237 1
72 78 2
72 126 6
72 78 2
72 126 6
193 33 1
193 65 2
193 124 1
193 53 1
193 140 1
193 140 3
193 240 2
193 240 4
193 126 1
193 121 1
193 121 1
193 65 2
193 124 1
193 140 1
193 140 3
193 240 2
193 240 4
193 126 1
193 121 1
193 121 1
193 33 1
193 53 1
47 8 2
47 31 2
47 10 1
47 10 1
47 11 2
47 33 1
47 33 4
47 33 10
47 12 17
47 13 1
47 13 3
47 14 1
47 14 4
47 15 1
47 15 6
47 6 13
47 136 1
47 8 2
47 31 2
47 10 1
47 10 1
47 11 2
47 33 4
47 33 10
47 12 17
47 13 1
47 13 3
47 14 1
47 14 4
47 15 6
47 6 13
47 136 1
47 33 1
47 15 1
47 19 2
47 55 1
47 19 1
47 19 1
47 19 2
47 55 1
34 33 2
34 12 1
34 13 1
34 14 4
34 15 1
34 6 2
34 16 1
34 130 1
34 83 2
34 12 1
34 13 1
34 14 4
34 15 1
34 16 1
34 130 1
34 83 2
34 33 2
34 6 2
34 17 4
34 97 1
34 139 3
34 123 1
34 116 1
34 172 2
34 97 1
34 139 2
34 133 1
34 112 1
34 123 1
34 17 4
34 116 1
34 172 2
34 97 1
34 97 1
34 139 2
34 139 3
34 133 1
34 112 1
34 123 1
34 123 1
40 2 1
40 14 1
40 68 1
40 239 3
40 69 1
40 132 1
40 264 1
40 23 1
40 57 1
40 71 1
40 248 1
40 250 2
40 137 1
40 2 1
40 14 1
40 68 1
40 239 3
40 69 1
40 23 1
40 57 1
40 71 1
40 250 2
40 137 1
40 132 1
40 264 1
40 248 1
40 89 2
40 89 4
40 89 2
40 89 4
177 176 7
177 44 1
177 44 2
177 44 3
177 202 2
177 202 2
177 251 3
177 44 2
177 44 3
177 202 2
177 202 2
177 251 3
177 176 7
177 44 1
177 198 1
177 201 1
177 113 3
177 181 1
177 208 1
177 20 1
177 20 1
177 113 3
177 181 1
177 208 1
177 20 1
177 20 1
177 198 1
177 201 1
177 283 1
177 283 4
44 16 1
44 130 1
44 16 1
44 130 1
44 177 1
44 113 9
44 247 1
44 154 1
44 157 1
44 251 2
44 116 1
44 86 1
44 246 1
44 191 5
44 213 4
44 192 3
44 253 4
44 154 1
44 157 1
44 251 2
44 177 1
44 113 9
44 116 1
44 247 1
44 86 1
44 246 1
44 191 1
44 191 4
44 213 4
44 192 3
44 253 4
44 283 10
68 16 6
68 67 1
68 16 6
68 67 1
68 132 2
68 55 1
68 259 5
68 239 1
68 70 1
68 70 7
68 132 5
68 117 1
68 22 4
68 23 3
68 123 1
68 143 1
68 237 2
68 38 1
68 58 4
68 146 1
68 144 1
68 61 1
68 256 1
68 40 2
68 214 1
68 259 5
68 239 1
68 70 1
68 70 7
68 132 5
68 132 2
68 117 1
68 22 4
68 23 3
68 55 1
68 123 1
68 143 1
68 237 2
68 38 1
68 58 4
68 146 1
68 144 1
68 61 1
68 256 1
68 40 2
68 214 1
224 13 1
224 14 1
224 122 1
224 221 1
224 167 6
224 268 16
224 167 2
224 167 4
224 268 14
224 268 2
224 13 1
224 14 1
224 122 1
224 221 1
224 225 1
224 225 1
224 283 20
7 3 1
7 9 3
7 9 3
7 184 1
7 106 5
7 106 4
7 108 2
7 9 3
7 9 3
7 184 1
7 106 4
7 108 2
7 3 1
7 106 5
7 30 2
7 26 1
7 30 2
7 26 1
226 13 1
226 14 2
226 186 1
226 270 30
226 171 1
226 225 1
226 270 30
226 171 1
226 13 1
226 14 2
226 186 1
226 225 1
226 227 1
226 173 1
226 282 8
226 227 1
226 173 1
226 282 8
226 283 28
227 13 2
227 14 2
227 270 2
227 138 2
227 270 2
227 13 2
227 14 2
227 138 2
227 283 2
183 12 2
183 97 1
183 139 1
183 20 2
183 182 1
183 12 2
183 97 1
183 139 1
183 182 1
183 20 2
183 283 12
127 11 1
127 13 1
127 63 4
127 233 2
127 157 1
127 136 1
127 24 2
127 248 2
127 118 7
127 118 2
127 119 2
127 119 2
127 191 1
127 27 1
127 195 3
127 150 1
127 11 1
127 157 1
127 136 1
127 24 2
127 248 2
127 118 7
127 118 2
127 119 2
127 119 2
127 191 1
127 195 3
127 150 1
127 13 1
127 63 4
127 233 2
127 27 1
127 138 4
127 153 3
127 151 1
127 138 4
127 153 3
127 151 1
127 283 5
184 131 1
184 106 4
184 108 1
184 116 1
184 7 8
184 7 6
184 131 1
184 106 4
184 108 1
184 116 1
184 7 8
184 7 6
234 14 1
234 122 1
234 167 37
234 156 1
234 166 1
234 138 1
234 167 6
234 167 31
234 156 1
234 14 1
234 122 1
234 166 1
234 138 1
234 283 35
128 66 1
128 21 1
128 6 1
128 16 1
128 45 5
128 45 1
128 46 3
128 94 2
128 97 2
128 97 2
128 139 1
128 139 1
128 140 1
128 26 1
128 125 1
128 6 1
128 16 1
128 66 1
128 45 5
128 45 1
128 46 3
128 94 2
128 97 2
128 97 2
128 139 1
128 139 1
128 21 1
128 140 1
128 26 1
128 125 1
85 28 1
85 28 3
85 80 1
85 80 3
85 110 1
85 29 2
85 82 1
85 14 2
85 75 1
85 28 1
85 28 3
85 80 1
85 80 3
85 110 1
85 29 2
85 14 2
85 82 1
85 75 1
85 22 1
85 38 1
85 87 1
85 77 2
85 88 1
85 87 1
85 22 1
85 77 2
85 38 1
85 88 1
49 8 2
49 16 1
49 48 1
49 8 2
49 16 1
49 48 1
49 26 1
49 257 2
49 257 3
49 76 2
49 76 6
49 22 1
49 55 7
49 57 1
49 57 2
49 71 1
49 275 2
49 238 2
49 148 2
49 257 2
49 257 3
49 76 2
49 76 6
49 22 1
49 55 7
49 57 1
49 57 2
49 71 1
49 275 2
49 238 2
49 26 1
49 148 2
146 275 1
146 26 1
146 38 1
146 275 1
146 26 1
146 38 1
146 283 5
146 283 2
75 4 1
75 4 8
75 11 1
75 73 3
75 73 6
75 74 1
75 13 1
75 4 1
75 4 8
75 11 1
75 73 3
75 73 6
75 13 1
75 74 1
75 85 1
75 26 1
75 51 1
75 51 2
75 137 1
75 85 1
75 51 1
75 51 2
75 26 1
75 137 1
69 31 1
69 31 1
69 239 1
69 265 1
69 31 1
69 31 1
69 239 1
69 265 1
69 38 1
69 89 1
69 70 1
69 70 1
69 132 2
69 264 2
69 264 5
69 55 6
69 57 1
69 57 1
69 276 2
69 238 1
69 40 1
69 70 1
69 70 1
69 132 2
69 264 2
69 264 5
69 55 6
69 57 1
69 57 1
69 276 2
69 238 1
69 38 1
69 40 1
69 89 1
141 66 1
141 67 5
141 68 1
141 142 1
141 139 3
141 143 1
141 144 1
141 66 1
141 67 5
141 68 1
141 142 1
141 139 3
141 143 1
141 144 1
131 184 1
131 184 1
131 111 1
131 111 3
131 116 1
131 30 9
131 30 4
131 111 1
131 111 3
131 116 1
131 30 9
131 30 4
211 33 6
211 12 9
211 136 2
211 136 1
211 97 2
211 97 11
211 139 10
211 210 1
211 33 6
211 12 9
211 136 2
211 136 1
211 97 2
211 97 11
211 139 10
211 210 1
211 198 1
211 198 1
210 33 6
210 12 6
210 272 1
210 97 1
210 139 6
210 33 6
210 12 6
210 272 1
210 97 1
210 139 6
210 235 1
210 235 1
30 2 1
30 32 3
30 32 4
30 92 1
30 111 4
30 111 4
30 13 1
30 129 1
30 130 1
30 44 1
30 84 2
30 157 1
30 113 1
30 116 1
30 212 1
30 7 2
30 32 3
30 32 4
30 92 1
30 111 4
30 13 1
30 130 1
30 44 1
30 84 2
30 157 1
30 113 1
30 116 1
30 2 1
30 111 4
30 129 1
30 212 1
30 7 2
30 114 1
30 112 1
30 153 1
30 114 1
30 112 1
30 153 1
48 65 2
48 258 1
48 258 1
48 65 2
48 258 1
48 258 1
48 261 1
48 143 5
48 57 1
48 71 3
48 240 4
48 237 2
48 275 1
48 261 1
48 143 5
48 57 1
48 71 3
48 240 4
48 237 2
48 275 1
48 283 1
48 283 12
76 91 1
76 94 1
76 261 1
76 261 1
76 254 1
76 261 1
76 261 1
76 254 1
76 91 1
76 94 1
76 124 1
76 53 1
76 143 1
76 62 1
76 22 1
76 55 1
76 25 1
76 237 1
76 237 3
76 279 3
76 124 1
76 22 1
76 53 1
76 55 1
76 25 1
76 143 1
76 237 1
76 237 3
76 279 3
76 62 1
89 82 1
89 82 3
89 13 1
89 14 2
89 65 2
89 69 1
89 264 1
89 87 3
89 54 2
89 36 3
89 71 1
89 38 1
89 38 1
89 250 1
89 82 1
89 82 3
89 13 1
89 14 2
89 65 2
89 264 1
89 87 3
89 54 2
89 36 3
89 71 1
89 38 1
89 250 1
89 69 1
89 38 1
27 51 7
27 87 5
27 124 2
27 37 2
27 37 1
27 143 1
27 143 1
27 237 1
27 126 2
27 39 1
27 51 7
27 87 5
27 37 1
27 143 1
27 143 1
27 126 2
27 124 2
27 37 2
27 237 1
27 39 1
27 127 1
27 127 1
27 283 3
27 283 1
201 33 5
201 12 4
201 13 1
201 14 6
201 272 8
201 177 1
201 97 2
201 171 3
201 198 4
201 228 3
201 228 1
201 272 5
201 272 3
201 228 1
201 33 5
201 12 4
201 13 1
201 14 6
201 177 1
201 97 2
201 171 3
201 198 4
201 228 3
201 235 4
201 235 1
201 235 5
201 283 24
39 21 1
39 51 3
39 87 8
39 117 2
39 123 1
39 56 1
39 56 1
39 140 1
39 240 1
39 121 4
39 21 1
39 51 3
39 87 8
39 56 1
39 140 1
39 121 4
39 117 2
39 123 1
39 56 1
39 240 1
39 27 1
39 27 1
39 283 3
148 5 1
148 74 1
148 74 4
148 13 1
148 16 3
148 16 1
148 17 1
148 51 1
148 51 7
148 22 1
148 53 2
148 53 1
148 26 1
148 26 2
148 5 1
148 74 1
148 74 4
148 13 1
148 16 3
148 16 1
148 17 1
148 51 1
148 51 7
148 22 1
148 53 2
148 53 1
148 26 2
148 26 1
81 28 1
81 9 3
81 10 1
81 10 6
81 11 2
81 11 2
81 101 8
81 101 5
81 79 5
81 79 1
81 28 1
81 9 3
81 10 1
81 10 6
81 11 2
81 11 2
81 101 8
81 101 5
81 79 5
81 79 1
81 107 4
81 96 1
81 87 1
81 107 4
81 96 1
81 87 1
67 31 1
67 141 1
67 33 3
67 83 1
67 34 2
67 31 1
67 141 1
67 33 3
67 83 1
67 34 2
67 116 1
67 116 3
67 97 1
67 97 1
67 212 2
67 212 2
67 133 1
67 125 1
67 256 1
67 116 1
67 116 3
67 97 1
67 97 1
67 212 2
67 212 2
67 133 1
67 125 1
67 256 1
199 33 1
199 12 1
199 33 1
199 12 1
200 33 1
200 12 7
200 251 10
200 133 2
200 251 10
200 133 2
200 33 1
200 12 7
200 229 1
200 253 1
200 253 3
200 229 1
200 253 4
200 283 18
182 180 2
182 12 1
182 202 3
182 203 5
182 222 4
182 251 2
182 190 2
182 208 1
182 245 1
182 97 2
182 139 3
182 200 1
182 180 2
182 202 3
182 203 1
182 203 4
182 222 4
182 251 2
182 190 2
182 97 2
182 139 3
182 200 1
182 12 1
182 208 1
182 245 1
182 230 1
182 253 3
182 183 2
182 183 9
182 230 1
182 253 3
182 183 11
182 283 14
145 61 1
145 120 3
145 61 2
145 39 1
145 120 3
145 61 2
145 61 1
145 39 1
273 218 1
273 218 1
273 235 5
273 235 5
273 283 28
215 12 1
215 14 1
215 65 5
215 261 1
215 51 1
215 124 2
215 53 1
215 55 1
215 123 1
215 143 4
215 237 2
215 278 1
215 27 1
215 27 3
215 14 1
215 65 5
215 261 1
215 51 1
215 124 2
215 55 1
215 123 1
215 143 4
215 237 2
215 278 1
215 27 1
215 27 3
215 12 1
215 53 1
230 13 2
230 14 1
230 251 7
230 139 1
230 182 1
230 182 1
230 251 1
230 251 6
230 139 1
230 182 1
230 13 2
230 14 1
230 182 1
230 283 14
229 13 2
229 14 1
229 63 1
229 251 9
229 97 1
229 114 1
229 251 9
229 114 1
229 13 2
229 14 1
229 63 1
229 97 1
229 220 1
229 253 2
229 220 1
229 253 2
229 283 20
2 3 1
2 3 1
2 28 1
2 29 1
2 15 2
2 30 1
2 10 1
2 11 1
2 33 1
2 13 1
2 13 1
2 14 5
2 16 1
2 34 1
2 34 2
2 22 1
2 35 5
2 36 1
2 37 1
2 39 2
2 28 1
2 10 1
2 11 1
2 29 1
2 33 1
2 13 1
2 13 1
2 14 5
2 15 2
2 16 1
2 34 1
2 34 2
2 30 1
2 22 1
2 35 5
2 36 1
2 37 1
2 39 2
22 2 1
22 5 2
22 33 5
22 12 6
22 63 1
22 42 1
22 42 1
22 85 1
22 2 1
22 33 5
22 12 6
22 42 1
22 5 2
22 63 1
22 42 1
22 85 1
22 24 1
22 35 1
22 35 2
22 37 1
22 249 1
22 137 2
22 126 3
22 121 3
22 27 1
22 24 1
22 35 1
22 35 2
22 37 1
22 249 1
22 137 2
22 126 3
22 121 3
22 27 1
101 79 1
101 24 1
101 73 3
101 73 10
101 18 3
101 107 1
101 96 1
101 116 1
101 51 1
101 51 6
101 124 4
101 79 1
101 73 3
101 73 10
101 18 3
101 107 1
101 96 1
101 116 1
101 51 1
101 51 6
101 124 4
101 24 1
217 63 1
217 63 5
217 136 16
217 136 8
217 63 1
217 63 5
217 136 16
217 136 8
217 218 3
217 139 1
217 247 1
217 218 1
217 247 2
217 21 2
217 198 1
217 220 1
217 218 1
217 218 3
217 139 1
217 247 2
217 247 1
217 21 2
217 198 1
217 220 1
228 13 7
228 14 3
228 272 30
228 171 3
228 198 1
228 198 9
228 272 23
228 272 7
228 198 5
228 198 4
228 13 7
228 14 3
228 171 3
228 198 1
228 201 3
228 201 1
228 201 2
228 273 5
228 273 5
228 235 1
228 201 3
228 201 3
228 273 10
228 235 1
228 283 32
121 51 2
121 87 1
121 117 1
121 123 1
121 140 1
121 51 2
121 87 1
121 117 1
121 123 1
121 140 1
121 153 1
121 153 1
121 283 3
3 2 1
3 4 1
3 5 1
3 6 2
3 7 1
3 10 1
3 11 2
3 12 2
3 13 4
3 14 2
3 14 5
3 15 1
3 16 1
3 17 5
3 19 1
3 22 1
3 22 1
3 23 1
3 24 3
3 25 1
3 27 2
3 2 1
3 4 1
3 10 1
3 11 2
3 5 1
3 12 2
3 13 4
3 14 2
3 14 5
3 15 1
3 6 2
3 16 1
3 17 5
3 19 1
3 7 1
3 22 1
3 22 1
3 23 1
3 24 3
3 25 1
3 27 2
265 239 1
265 239 1
265 261 1
265 239 1
265 239 1
265 261 1
265 69 1
265 266 1
265 36 1
265 36 5
265 140 10
265 275 1
265 69 1
265 266 1
265 36 1
265 36 5
265 140 10
265 275 1
265 283 1
265 283 9
281 119 4
281 88 2
281 88 4
281 119 4
281 88 2
281 88 4
170 169 2
170 33 1
170 12 5
170 169 2
170 33 1
170 12 5
170 156 1
170 159 2
170 221 1
170 168 1
170 173 4
170 173 12
170 221 1
170 156 1
170 159 2
170 168 1
170 173 16
170 283 17
248 63 4
248 42 4
248 114 1
248 54 1
248 71 3
248 63 4
248 42 4
248 114 1
248 54 1
248 71 3
248 40 1
248 38 1
248 38 1
248 40 1
248 283 2
248 283 1
191 33 4
191 33 4
191 196 3
191 150 2
191 156 1
191 196 1
191 196 1
191 196 3
191 150 2
191 156 1
64 31 1
64 31 1
64 146 1
64 72 2
64 137 2
64 121 1
64 39 1
64 146 1
64 72 2
64 137 2
64 121 1
64 39 1
74 100 1
74 100 1
74 82 1
74 75 1
74 33 1
74 33 2
74 6 1
74 16 3
74 51 5
74 124 2
74 124 7
74 82 1
74 33 1
74 33 2
74 6 1
74 16 3
74 75 1
74 51 5
74 124 2
74 124 7
35 2 1
35 10 1
35 10 4
35 79 1
35 33 3
35 33 2
35 12 1
35 13 2
35 14 1
35 14 4
35 16 3
35 65 2
35 34 1
35 63 1
35 117 1
35 2 1
35 10 4
35 33 2
35 13 2
35 14 1
35 14 4
35 34 1
35 63 1
35 117 1
35 10 1
35 79 1
35 33 3
35 12 1
35 16 3
35 65 2
35 123 1
35 123 1
35 57 2
35 57 1
35 71 1
35 248 1
35 249 1
35 120 1
35 120 2
35 72 3
35 126 2
35 121 4
35 123 1
35 123 1
35 57 2
35 57 1
35 71 1
35 248 1
35 249 1
35 120 1
35 120 2
35 72 3
35 126 2
35 121 4
35 283 3
35 283 1
275 238 1
275 238 1
275 283 15
32 2 1
32 28 1
32 90 2
32 9 1
32 2 1
32 90 2
32 28 1
32 9 1
32 105 2
32 84 1
32 11 6
32 11 8
32 80 1
32 92 1
32 110 1
32 110 1
32 84 1
32 107 1
32 96 1
32 96 2
32 112 2
32 11 6
32 11 8
32 80 1
32 92 1
32 110 1
32 110 1
32 105 2
32 84 1
32 84 1
32 107 1
32 96 1
32 96 2
32 112 2
238 16 1
238 65 1
238 258 1
238 259 1
238 277 2
238 276 1
238 275 1
238 16 1
238 65 1
238 258 1
238 259 1
238 277 2
238 276 1
238 275 1
238 121 1
238 121 1
238 283 5
203 202 1
203 202 1
203 181 1
203 208 1
203 135 1
203 251 1
203 183 1
203 251 1
203 181 1
203 208 1
203 135 1
203 183 1
203 283 1
126 51 1
126 87 1
126 87 1
126 124 1
126 117 1
126 123 1
126 143 1
126 51 1
126 87 1
126 87 1
126 124 1
126 117 1
126 123 1
126 143 1
126 27 2
126 27 2
126 283 4
126 283 1
276 53 1
276 53 1
276 238 1
276 238 1
276 283 12
9 3 1
9 3 1
9 32 1
9 102 2
9 18 1
9 10 3
9 10 7
9 103 2
9 73 1
9 92 1
9 92 2
9 104 1
9 5 1
9 106 2
9 106 1
9 96 1
9 108 1
9 52 1
9 26 1
9 32 1
9 10 3
9 10 7
9 103 2
9 73 1
9 92 1
9 92 2
9 104 1
9 5 1
9 102 2
9 106 2
9 106 1
9 18 1
9 96 1
9 108 1
9 52 1
9 26 1
198 33 1
198 14 1
198 270 3
198 272 15
198 177 1
198 113 1
198 139 1
198 114 1
198 270 3
198 272 15
198 114 1
198 33 1
198 14 1
198 177 1
198 113 1
198 139 1
198 228 1
198 201 4
198 282 1
198 228 4
198 228 2
198 273 9
198 273 1
198 228 6
198 228 1
198 201 4
198 282 1
198 273 10
198 283 20
171 169 1
171 33 10
171 12 4
171 14 1
171 270 21
171 218 1
171 139 2
171 270 5
171 270 16
171 169 1
171 33 10
171 12 4
171 14 1
171 218 1
171 139 2
171 171 1
171 171 1
171 228 3
171 201 3
171 271 1
171 198 1
171 226 1
171 228 1
171 282 5
171 271 3
171 271 2
171 198 1
171 226 1
171 228 1
171 228 3
171 201 3
171 282 5
171 271 5
171 271 1
171 283 23
24 11 1
24 101 1
24 33 1
24 12 2
24 13 2
24 14 3
24 16 2
24 65 3
24 124 1
24 33 1
24 13 2
24 14 3
24 124 1
24 11 1
24 101 1
24 12 2
24 16 2
24 65 3
24 123 1
24 57 1
24 71 1
24 249 1
24 119 1
24 120 3
24 72 2
24 121 1
24 121 4
24 39 1
24 123 1
24 57 1
24 71 1
24 249 1
24 119 1
24 120 3
24 72 2
24 121 1
24 121 4
24 39 1
24 283 3
24 283 1
190 33 1
190 33 5
190 12 1
190 12 5
190 15 4
190 6 2
190 34 1
190 33 5
190 12 1
190 12 5
190 15 4
190 6 2
190 34 1
190 33 1
190 274 1
190 21 1
190 206 1
190 212 1
190 246 1
190 206 1
190 274 1
190 212 1
190 21 1
190 246 1
159 158 2
159 33 5
159 12 3
159 170 2
159 167 5
159 268 13
159 167 5
159 268 1
159 268 12
159 158 2
159 33 5
159 12 3
159 170 2
159 168 2
159 168 2
159 283 19
156 155 2
156 33 1
156 12 3
156 15 1
156 170 1
156 167 21
156 191 1
156 15 1
156 167 21
156 155 2
156 33 1
156 12 3
156 170 1
156 191 1
156 234 1
156 234 1
156 165 3
156 234 2
156 165 3
156 283 25
150 149 1
150 33 1
150 12 2
150 157 18
150 167 11
150 191 2
150 157 1
150 157 17
150 167 11
150 149 1
150 33 1
150 12 2
150 191 2
150 156 1
150 151 3
150 161 3
150 156 1
150 151 3
150 161 3
150 283 29
196 33 4
196 33 1
196 157 13
196 191 3
196 33 1
196 157 13
196 33 4
196 191 3
196 153 1
196 151 3
196 150 1
196 150 1
196 127 2
196 153 2
196 151 8
196 150 2
196 127 2
196 153 2
196 153 1
196 151 8
196 151 3
196 283 19
195 33 3
195 154 2
195 157 9
195 157 9
195 33 3
195 154 2
195 153 2
195 153 2
195 283 11
82 41 1
82 79 1
82 74 1
82 79 1
82 41 1
82 74 1
82 85 1
82 12 1
82 65 1
82 65 3
82 87 1
82 87 5
82 117 4
82 117 9
82 89 1
82 12 1
82 65 1
82 65 3
82 85 1
82 87 1
82 87 5
82 117 4
82 117 9
82 89 1
133 33 2
133 33 2
133 13 1
133 14 2
133 6 1
133 16 2
133 16 1
133 34 4
133 17 1
133 44 2
133 45 1
133 67 2
133 67 2
133 268 1
133 116 1
133 116 1
133 209 2
133 97 1
133 212 1
133 33 2
133 33 2
133 13 1
133 14 2
133 6 1
133 16 2
133 16 1
133 34 4
133 17 1
133 44 2
133 45 1
133 67 2
133 67 2
133 268 1
133 116 1
133 209 2
133 97 1
133 212 1
133 116 1
133 114 2
133 246 2
133 269 1
133 269 1
133 231 1
133 173 1
133 282 1
133 253 1
133 114 2
133 246 2
133 269 1
133 269 1
133 231 1
133 173 1
133 282 1
133 253 1
133 283 2
133 283 1
274 108 1
274 190 1
274 208 1
274 108 1
274 190 1
274 208 1
274 97 1
274 97 1
100 99 3
100 99 1
100 98 1
100 9 2
100 10 2
100 41 2
100 99 3
100 99 1
100 98 1
100 9 2
100 10 2
100 41 2
100 104 1
100 74 1
100 81 1
100 92 1
100 92 1
100 82 1
100 134 3
100 124 2
100 135 1
100 81 1
100 92 1
100 92 1
100 104 1
100 74 1
100 82 1
100 134 3
100 124 2
100 135 1
246 34 1
246 139 2
246 114 2
246 34 1
246 114 2
246 219 1
246 139 2
246 182 1
246 219 1
246 182 1
223 13 1
223 14 1
223 124 1
223 95 1
223 279 1
223 13 1
223 14 1
223 124 1
223 95 1
223 279 1
119 11 1
119 12 3
119 50 1
119 24 1
119 24 3
119 35 2
119 35 3
119 140 1
119 248 1
119 26 1
119 11 1
119 12 3
119 50 1
119 24 1
119 24 3
119 35 2
119 35 3
119 248 1
119 26 1
119 140 1
144 124 1
144 124 1
83 28 3
83 13 1
83 14 1
83 15 1
83 129 2
83 129 1
83 130 2
83 130 3
83 28 3
83 13 1
83 14 1
83 15 1
83 129 1
83 130 3
83 129 2
83 130 2
83 93 1
83 207 1
83 93 1
83 34 2
83 34 1
83 85 1
83 86 2
83 7 1
83 30 2
83 35 1
83 77 3
83 61 1
83 88 2
83 153 1
83 93 1
83 93 1
83 34 2
83 34 1
83 85 1
83 207 1
83 86 2
83 7 1
83 30 2
83 35 1
83 77 3
83 61 1
83 88 2
83 153 1
28 2 1
28 2 1
28 2 1
28 2 1
28 32 1
28 79 1
28 80 3
28 80 5
28 29 1
28 82 4
28 85 1
28 86 1
28 87 1
28 87 15
28 54 1
28 54 2
28 77 3
28 61 1
28 88 2
28 89 1
28 32 1
28 79 1
28 80 3
28 80 5
28 29 1
28 82 4
28 85 1
28 86 1
28 87 1
28 87 15
28 54 1
28 54 2
28 77 3
28 61 1
28 88 2
28 89 1
236 6 1
236 129 3
236 216 1
236 216 4
236 83 1
236 93 1
236 136 2
236 6 1
236 129 3
236 216 1
236 216 4
236 83 1
236 93 1
236 136 2
236 244 2
236 244 5
236 206 5
236 207 5
236 7 2
236 244 5
236 244 2
236 206 5
236 207 5
236 7 2
66 31 1
66 31 1
66 128 1
66 141 1
66 13 6
66 14 2
66 14 4
66 15 2
66 17 1
66 31 1
66 31 1
66 13 6
66 14 2
66 14 4
66 17 1
66 128 1
66 141 1
66 15 2
66 45 2
66 45 1
66 67 2
66 67 2
66 152 1
66 97 4
66 139 1
66 139 4
66 212 1
66 21 3
66 135 1
66 223 1
66 195 2
66 45 2
66 45 1
66 67 2
66 67 2
66 152 1
66 97 4
66 139 1
66 139 4
66 212 1
66 21 3
66 135 1
66 223 1
66 195 2
93 91 1
93 90 2
93 147 2
93 13 2
93 14 1
93 6 1
93 129 3
93 129 2
93 130 1
93 130 1
93 83 1
93 83 1
93 91 1
93 90 2
93 147 2
93 13 2
93 14 1
93 6 1
93 129 2
93 130 1
93 83 1
93 129 3
93 130 1
93 83 1
93 17 4
93 212 1
93 20 3
93 53 1
93 77 1
93 77 3
93 137 1
93 78 1
93 17 4
93 212 1
93 20 3
93 53 1
93 77 1
93 77 3
93 137 1
93 78 1
118 10 1
118 33 6
118 24 1
118 24 2
118 35 1
118 35 5
118 38 1
118 10 1
118 33 6
118 24 1
118 24 2
118 35 1
118 35 5
118 38 1
118 137 1
118 137 1
269 221 1
269 157 6
269 167 4
269 268 9
269 113 1
269 139 1
269 30 1
269 114 2
269 252 6
269 252 4
269 221 1
269 157 2
269 157 4
269 167 4
269 268 5
269 268 4
269 113 1
269 139 1
269 30 1
269 114 2
269 252 4
269 252 6
269 231 2
269 231 4
269 153 2
269 151 1
269 151 1
269 165 1
269 165 4
269 168 5
269 173 1
269 231 4
269 231 2
269 153 2
269 151 2
269 165 5
269 168 5
269 173 1
269 283 9
269 283 1
41 8 1
41 98 2
41 98 3
41 98 2
41 98 3
41 8 1
41 100 2
41 110 1
41 82 1
41 81 1
41 81 2
41 110 1
41 82 1
41 115 3
41 124 1
41 117 2
41 100 2
41 81 1
41 81 2
41 110 1
41 110 1
41 82 1
41 82 1
41 115 3
41 124 1
41 117 2
164 162 1
164 163 1
164 13 1
164 14 1
164 186 1
164 233 6
164 162 1
164 163 1
164 13 1
164 14 1
164 186 1
164 233 6
164 221 1
164 167 4
164 268 10
164 165 9
164 168 3
164 168 23
164 173 1
164 173 6
164 221 1
164 167 4
164 268 10
164 165 9
164 168 26
164 173 7
164 283 25
122 11 1
122 149 1
122 155 1
122 158 1
122 14 3
122 149 1
122 155 1
122 158 1
122 11 1
122 14 3
122 233 1
122 221 1
122 136 1
122 135 1
122 123 1
122 234 1
122 224 1
122 157 4
122 157 6
122 153 11
122 153 10
122 151 7
122 151 8
122 161 1
122 233 1
122 221 1
122 157 10
122 136 1
122 135 1
122 123 1
122 234 1
122 224 1
122 153 21
122 151 15
122 161 1
122 283 3
189 33 3
189 13 2
189 14 1
189 33 3
189 13 2
189 14 1
172 169 1
172 33 1
172 33 3
172 12 1
172 15 1
172 6 4
172 136 5
172 116 1
172 205 1
172 217 2
172 218 3
172 169 1
172 33 1
172 33 3
172 12 1
172 15 1
172 6 4
172 136 5
172 116 1
172 217 2
172 218 3
172 205 1
172 139 1
172 21 2
172 97 2
172 97 2
172 139 1
172 21 2
221 13 1
221 14 1
221 122 1
221 164 1
221 13 1
221 14 1
221 122 1
221 164 1
221 138 1
221 224 1
221 268 3
221 173 7
221 173 6
221 268 3
221 138 1
221 224 1
221 173 13
221 283 6
204 12 2
204 13 1
204 14 1
204 12 2
204 13 1
204 14 1
279 124 1
279 124 1
279 223 1
279 223 1
60 103 1
60 117 1
60 103 1
60 117 1
60 278 1
60 278 1
117 10 1
117 10 1
117 80 1
117 12 2
117 13 1
117 14 1
117 16 2
117 16 1
117 65 1
117 65 1
117 115 1
117 115 1
117 132 2
117 264 1
117 114 1
117 87 2
117 124 3
117 10 1
117 10 1
117 80 1
117 12 2
117 16 2
117 16 1
117 65 1
117 65 1
117 115 1
117 115 1
117 87 2
117 13 1
117 14 1
117 132 2
117 264 1
117 114 1
117 124 3
117 117 1
117 117 1
117 54 1
117 59 1
117 250 1
117 60 1
117 278 1
117 61 1
117 126 1
117 121 1
117 39 2
117 54 1
117 55 1
117 126 1
117 54 1
117 54 1
117 55 1
117 59 1
117 250 1
117 60 1
117 278 1
117 61 1
117 126 1
117 126 1
117 121 1
117 39 2
50 65 3
50 65 18
50 46 3
50 94 4
50 258 1
50 261 2
50 65 3
50 65 18
50 46 3
50 94 4
50 261 2
50 258 1
50 70 2
50 53 1
50 124 8
50 143 7
50 57 2
50 240 1
50 276 2
50 126 2
50 126 1
50 121 3
50 121 1
50 27 4
50 193 1
50 70 2
50 124 8
50 53 1
50 143 7
50 57 2
50 240 1
50 276 2
50 126 2
50 126 1
50 121 3
50 121 1
50 27 4
50 193 1
208 33 1
208 203 1
208 203 7
208 136 4
208 136 2
208 190 1
208 33 1
208 203 7
208 136 4
208 136 2
208 190 1
208 203 1
208 245 1
208 274 1
208 182 1
208 97 2
208 182 2
208 245 1
208 274 1
208 97 2
208 182 2
208 182 1
56 10 1
56 51 1
56 87 1
56 51 1
56 87 1
56 10 1
56 37 2
56 95 2
56 39 1
56 57 2
56 119 3
56 250 2
56 121 1
56 37 2
56 57 2
56 119 3
56 95 2
56 250 2
56 121 1
56 39 1
56 283 4
239 16 1
239 65 1
239 259 1
239 259 1
239 16 1
239 65 1
239 259 1
239 259 1
239 265 1
239 143 3
239 140 2
239 57 1
239 57 3
239 71 2
239 240 1
239 237 4
239 276 2
239 58 1
239 89 2
239 265 1
239 143 3
239 140 2
239 57 1
239 57 3
239 71 2
239 240 1
239 237 4
239 276 2
239 58 1
239 89 2
239 283 1
239 283 12
261 48 1
261 48 1
261 48 1
261 48 1
261 265 1
261 277 1
261 25 4
261 143 5
261 215 1
261 265 1
261 25 4
261 143 5
261 277 1
261 215 1
261 283 3
261 283 6
0 1 Nbr
61 145 1
61 33 1
61 63 1
61 42 2
61 117 1
61 277 4
61 120 3
61 33 1
61 277 4
61 120 3
61 145 1
61 63 1
61 42 2
61 117 1
61 283 3
61 283 7
113 10 1
113 10 1
113 11 2
113 11 3
113 33 5
113 12 7
113 13 1
113 63 2
113 42 1
113 44 9
113 10 1
113 11 3
113 33 5
113 12 7
113 13 1
113 63 2
113 42 1
113 10 1
113 11 2
113 44 9
113 20 2
113 86 13
113 198 1
113 153 5
113 235 4
113 114 1
113 124 1
113 117 1
113 53 1
113 53 4
113 54 5
113 248 2
113 249 4
113 20 2
113 86 13
113 114 1
113 124 1
113 117 1
113 53 1
113 53 4
113 54 5
113 248 2
113 249 4
113 198 1
113 153 5
113 235 4
1 0 Nbr
151 149 1
151 157 2
151 157 1
151 196 3
151 196 6
151 138 3
151 153 7
151 157 1
151 196 6
151 138 3
151 149 1
151 157 2
151 196 3
151 153 7
151 161 2
151 161 2
151 283 22
166 163 1
166 33 2
166 12 4
166 268 3
166 270 12
166 268 3
166 270 12
166 163 1
166 33 2
166 12 4
166 234 1
166 282 9
166 234 1
166 282 9
166 283 27
137 12 1
137 63 1
137 42 1
137 124 1
137 277 3
137 118 1
137 72 1
137 72 1
137 12 1
137 277 3
137 72 1
137 72 1
137 63 1
137 42 1
137 124 1
137 118 1
137 283 3
137 283 5
173 33 1
173 197 1
173 225 2
173 168 2
173 33 1
173 197 1
173 225 2
173 168 2
173 282 1
173 282 1
173 283 27
282 198 1
282 173 1
282 198 1
282 173 1
282 283 24
165 167 2
165 86 1
165 161 1
165 167 2
165 86 1
165 161 1
165 168 1
165 168 1
165 283 25
37 11 1
37 51 2
37 87 1
37 87 1
37 56 2
37 51 2
37 87 1
37 87 1
37 11 1
37 56 2
37 95 2
37 143 1
37 27 2
37 71 1
37 237 1
37 238 1
37 118 2
37 262 2
37 126 2
37 27 2
37 143 1
37 71 1
37 237 1
37 238 1
37 118 2
37 95 2
37 262 2
37 126 2
37 27 2
37 27 2
37 283 3
37 283 2
271 270 1
271 270 1
271 171 1
271 171 4
271 270 1
271 171 1
271 171 3
271 270 1
271 171 1
271 283 25
70 16 1
70 16 15
70 68 1
70 68 1
70 142 6
70 259 1
70 259 2
70 265 1
70 69 1
70 50 2
70 16 1
70 16 15
70 68 1
70 68 1
70 142 6
70 259 2
70 265 1
70 69 1
70 259 1
70 50 2
70 54 1
70 117 2
70 117 8
70 140 10
70 57 3
70 237 3
70 275 2
70 121 1
70 39 4
70 27 3
70 117 2
70 117 8
70 54 1
70 140 10
70 57 3
70 237 3
70 275 2
70 121 1
70 39 4
70 27 3
259 258 1
259 258 1
259 239 1
259 70 1
259 238 1
259 36 5
259 237 5
259 239 1
259 70 1
259 36 5
259 237 5
259 238 1
259 283 1
259 283 6
132 68 2
132 68 2
132 117 2
132 54 1
132 55 1
132 237 1
132 40 1
132 22 1
132 23 1
132 143 1
132 143 2
132 146 1
132 278 2
132 117 2
132 22 1
132 23 1
132 54 1
132 55 1
132 143 1
132 143 2
132 237 1
132 146 1
132 278 2
132 40 1
270 268 1
270 268 1
270 231 1
270 271 1
270 231 1
270 271 1
21 3 1
21 128 1
21 169 1
21 13 4
21 14 4
21 34 1
21 34 2
21 17 2
21 63 1
21 203 1
21 233 1
21 164 1
21 136 2
21 136 1
21 258 1
21 259 1
21 261 1
21 265 1
21 190 1
21 205 1
21 217 1
21 218 1
21 172 2
21 139 1
21 3 1
21 169 1
21 13 4
21 14 4
21 34 1
21 34 2
21 17 2
21 63 1
21 203 1
21 233 1
21 164 1
21 136 1
21 258 1
21 259 1
21 261 1
21 265 1
21 217 1
21 218 1
21 139 1
21 128 1
21 136 2
21 190 1
21 205 1
21 172 2
21 25 3
21 36 3
21 191 1
21 255 1
21 25 3
21 36 3
21 191 1
21 255 1
114 10 1
114 10 2
114 11 1
114 11 4
114 63 2
114 63 2
114 63 5
114 42 7
114 44 2
114 113 2
114 20 1
114 10 2
114 11 4
114 63 2
114 63 5
114 42 7
114 44 2
114 113 2
114 10 1
114 11 1
114 63 2
114 20 1
114 124 1
114 117 1
114 53 2
114 54 3
114 55 1
114 238 1
114 248 2
114 249 1
114 249 2
114 61 1
114 124 1
114 117 1
114 53 2
114 54 3
114 55 1
114 238 1
114 248 2
114 249 1
114 249 2
114 61 1
16 149 1
16 33 2
16 33 10
16 12 4
16 12 3
16 149 1
16 33 2
16 33 10
16 12 4
16 12 3
16 65 1
16 24 2
16 35 3
16 237 1
16 238 1
16 152 5
16 154 1
16 160 1
16 160 2
16 186 1
16 139 1
16 114 1
16 191 6
16 213 7
16 192 3
16 195 5
16 150 1
16 150 2
16 151 1
16 161 1
16 65 1
16 152 5
16 154 1
16 160 1
16 160 2
16 186 1
16 139 1
16 114 1
16 24 2
16 35 3
16 237 1
16 238 1
16 191 6
16 213 7
16 192 3
16 195 5
16 150 1
16 150 2
16 151 1
16 161 1
112 29 2
112 13 1
112 14 3
112 14 14
112 129 1
112 216 1
112 83 1
112 34 1
112 17 2
112 116 1
112 97 1
112 139 1
112 86 4
112 29 2
112 13 1
112 14 3
112 14 14
112 129 1
112 83 1
112 34 1
112 17 2
112 116 1
112 97 1
112 139 1
112 86 4
112 216 1
112 35 4
112 36 1
112 35 4
112 36 1
277 261 1
277 124 1
277 117 1
277 25 1
277 36 1
277 124 1
277 117 1
277 261 1
277 25 1
277 36 1
277 238 2
277 238 2
277 283 10
185 74 1
185 258 7
185 74 1
185 258 7
185 257 2
185 124 1
185 25 10
185 276 4
185 275 3
185 255 1
185 255 2
185 257 2
185 124 1
185 25 10
185 276 4
185 275 3
185 255 1
185 255 2
104 9 6
104 9 3
104 10 3
104 100 1
104 100 1
104 73 1
104 9 6
104 9 3
104 10 3
104 100 1
104 100 1
104 73 1
104 106 1
104 106 1
109 32 5
109 32 5
109 110 2
109 131 2
109 111 3
109 6 1
109 129 1
109 129 1
109 130 1
109 130 1
109 108 1
109 116 2
109 132 1
109 133 1
109 112 1
109 38 1
109 38 1
109 110 2
109 131 2
109 111 3
109 6 1
109 129 1
109 129 1
109 130 1
109 130 1
109 108 1
109 116 2
109 132 1
109 133 1
109 112 1
109 38 1
109 38 1
103 9 1
103 9 4
103 9 1
103 9 4
103 60 1
103 128 1
103 104 2
103 106 2
103 14 2
103 15 1
103 6 1
103 65 1
103 129 1
103 129 3
103 130 1
103 83 2
103 93 1
103 34 1
103 7 1
103 52 1
103 78 1
103 128 1
103 104 2
103 106 2
103 14 2
103 15 1
103 6 1
103 65 1
103 129 1
103 129 3
103 130 1
103 83 2
103 93 1
103 34 1
103 7 1
103 52 1
103 60 1
103 78 1
110 32 8
110 32 2
110 11 2
110 41 1
110 79 1
110 80 1
110 32 8
110 32 2
110 11 2
110 79 1
110 41 1
110 80 1
260 68 1
260 259 7
260 68 1
260 259 7
260 23 1
260 36 11
260 277 1
260 276 2
260 275 2
260 238 1
260 256 3
260 23 1
260 36 11
260 277 1
260 276 2
260 275 2
260 238 1
260 256 3
92 99 1
92 99 1
92 98 2
92 9 1
92 9 1
92 32 1
92 32 2
92 10 2
92 11 1
92 11 9
92 101 2
92 101 2
92 79 4
92 79 10
92 99 1
92 99 1
92 98 2
92 9 1
92 9 1
92 32 1
92 32 2
92 10 2
92 11 1
92 11 9
92 101 2
92 101 2
92 79 4
92 79 10
92 84 1
92 107 1
92 96 1
92 84 1
92 107 1
92 96 1
65 149 1
65 149 2
65 155 2
65 158 1
65 33 2
65 33 5
65 12 16
65 6 1
65 16 1
65 149 1
65 149 2
65 155 2
65 158 1
65 33 2
65 33 5
65 12 16
65 6 1
65 16 1
65 24 3
65 35 2
65 240 1
65 237 1
65 238 1
65 152 5
65 154 1
65 154 2
65 160 1
65 164 1
65 191 2
65 213 3
65 192 3
65 195 1
65 196 1
65 150 2
65 156 1
65 159 1
65 152 5
65 154 1
65 154 2
65 160 1
65 164 1
65 24 3
65 35 2
65 240 1
65 237 1
65 238 1
65 191 2
65 213 3
65 192 3
65 195 1
65 196 1
65 150 2
65 156 1
65 159 1
52 128 2
52 13 10
52 14 1
52 216 1
52 93 1
52 17 2
52 20 3
52 128 2
52 13 10
52 14 1
52 93 1
52 17 2
52 20 3
52 216 1
52 153 1
52 24 4
52 24 4
52 153 1
247 63 7
247 63 4
247 44 1
247 66 1
247 136 2
247 136 1
247 217 1
247 217 1
247 217 6
247 218 1
247 218 2
247 218 6
247 97 2
247 63 7
247 63 4
247 66 1
247 136 2
247 136 1
247 217 1
247 217 6
247 218 2
247 218 6
247 97 2
247 44 1
247 217 1
247 218 1
247 21 1
247 21 1
250 117 1
250 117 1
124 11 2
124 74 1
124 33 1
124 33 1
124 13 1
124 14 1
124 14 1
124 6 1
124 16 1
124 16 1
124 65 3
124 65 2
124 134 1
124 257 2
124 76 1
124 114 1
124 51 1
124 51 2
124 11 2
124 74 1
124 33 1
124 33 1
124 14 1
124 6 1
124 16 1
124 16 1
124 65 3
124 65 2
124 134 1
124 51 1
124 51 2
124 13 1
124 14 1
124 257 2
124 76 1
124 114 1
124 124 1
124 124 1
124 117 3
124 53 1
124 144 1
124 262 1
124 279 1
124 223 1
124 278 1
124 137 1
124 126 1
124 27 2
124 27 2
124 117 3
124 53 1
124 144 1
124 262 1
124 279 1
124 223 1
124 278 1
124 137 1
124 126 1
124 27 2
124 27 2
205 33 3
205 12 7
205 15 1
205 6 3
205 17 1
205 33 3
205 12 7
205 15 1
205 6 3
205 17 1
205 172 1
205 21 1
205 209 1
205 139 3
205 21 1
205 246 1
205 172 1
205 209 1
205 139 3
205 21 1
205 21 1
205 246 1
255 258 2
255 25 3
255 276 1
255 258 2
255 25 3
255 276 1
255 283 1
255 283 5
180 179 2
180 181 1
180 179 1
180 183 2
180 181 1
180 179 1
180 179 2
180 183 2
180 283 2
161 20 1
161 150 2
161 138 2
161 151 2
161 150 2
161 138 2
161 20 1
161 151 2
161 165 1
161 165 1
161 283 23
194 33 1
194 33 1
194 16 6
194 265 1
194 87 1
194 117 1
194 54 1
194 140 6
194 240 1
194 240 3
194 60 1
194 223 1
194 39 3
194 33 1
194 16 6
194 265 1
194 87 1
194 117 1
194 140 6
194 240 1
194 240 3
194 60 1
194 223 1
194 39 3
194 33 1
194 54 1
13 147 1
13 158 1
13 162 1
13 163 1
13 169 1
13 174 2
13 176 1
13 178 1
13 33 6
13 33 1
13 12 5
13 12 2
13 158 1
13 162 1
13 163 1
13 169 1
13 176 1
13 178 1
13 33 6
13 33 1
13 12 5
13 12 2
13 147 1
13 174 2
13 14 3
13 164 1
13 221 1
13 204 1
13 189 2
13 222 2
13 136 1
13 124 1
13 117 1
13 135 1
13 95 1
13 223 1
13 127 1
13 138 3
13 224 1
13 225 1
13 226 1
13 227 2
13 228 7
13 201 1
13 229 2
13 230 2
13 14 1
13 15 1
13 6 2
13 16 1
13 65 2
13 44 1
13 133 1
13 196 1
13 166 1
13 199 1
13 138 1
13 231 1
13 14 1
13 14 3
13 15 1
13 6 2
13 16 1
13 65 2
13 44 1
13 164 1
13 221 1
13 204 1
13 189 2
13 222 2
13 136 1
13 133 1
13 124 1
13 117 1
13 135 1
13 95 1
13 223 1
13 196 1
13 166 1
13 199 1
13 127 1
13 138 1
13 138 3
13 224 1
13 225 1
13 226 1
13 227 2
13 228 7
13 201 1
13 229 2
13 230 2
13 231 1
220 12 2
220 200 1
220 229 1
220 12 2
220 200 1
220 229 1
220 283 11
179 180 2
179 180 2
179 135 2
179 183 4
179 135 2
179 183 2
179 183 2
179 283 2
181 180 1
181 203 1
181 203 1
181 251 1
181 180 1
181 203 1
181 251 1
181 203 1
181 133 1
181 183 3
181 133 1
181 183 3
181 283 2
253 200 3
253 182 2
253 229 1
253 230 1
253 200 3
253 182 2
253 229 1
253 230 1
253 283 13
134 101 1
134 33 1
134 33 1
134 16 2
134 16 2
134 115 1
134 101 1
134 33 1
134 33 1
134 16 2
134 16 2
134 115 1
134 53 1
134 77 1
134 51 2
134 51 3
134 124 1
134 124 3
134 53 2
134 53 3
134 51 2
134 51 3
134 124 1
134 124 3
134 53 2
134 53 3
134 53 1
134 77 1
129 13 1
129 14 2
129 13 1
129 14 2
129 130 23
129 83 2
129 93 3
129 30 1
129 130 1
129 130 6
129 216 1
129 216 1
129 83 2
129 93 3
129 93 1
129 34 1
129 17 1
129 44 1
129 108 1
129 218 1
129 212 2
129 7 1
129 30 1
129 127 1
129 127 0
129 130 1
129 130 6
129 130 23
129 216 1
129 216 1
129 83 2
129 83 2
129 93 3
129 93 1
129 93 3
129 34 1
129 17 1
129 44 1
129 108 1
129 218 1
129 212 2
129 7 1
129 30 1
129 30 1
129 127 1
129 127 0
129 283 2
95 91 1
95 10 2
95 33 1
95 33 2
95 13 1
95 13 2
95 13 4
95 14 4
95 136 3
95 23 1
95 56 2
95 37 2
95 58 2
95 146 1
95 125 1
95 91 1
95 10 2
95 33 2
95 13 2
95 13 4
95 14 4
95 136 3
95 23 1
95 58 2
95 146 1
95 33 1
95 13 1
95 56 2
95 37 2
95 125 1
95 223 1
95 223 1
209 33 3
209 33 5
209 12 2
209 12 9
209 15 7
209 6 6
209 216 1
209 205 1
209 33 3
209 33 5
209 12 2
209 12 9
209 15 7
209 6 6
209 216 1
209 205 1
209 20 4
209 212 1
209 212 1
209 20 4
53 11 3
53 80 1
53 145 1
53 147 2
53 16 1
53 16 1
53 65 1
53 63 1
53 42 2
53 134 1
53 134 1
53 113 1
53 50 1
53 257 1
53 76 1
53 124 1
53 124 1
53 80 1
53 145 1
53 16 1
53 16 1
53 65 1
53 42 2
53 134 1
53 113 1
53 124 1
53 11 3
53 147 2
53 63 1
53 134 1
53 50 1
53 257 1
53 76 1
53 124 1
53 54 3
53 276 1
53 193 1
53 215 1
53 138 1
53 153 2
53 77 2
53 248 1
53 146 3
53 54 3
53 77 2
53 276 1
53 248 1
53 146 3
53 193 1
53 215 1
53 138 1
53 153 2
225 13 1
225 268 27
225 138 1
225 224 1
225 268 6
225 268 21
225 13 1
225 138 1
225 224 1
225 226 1
225 173 1
225 173 6
225 226 1
225 173 7
225 283 22
99 98 1
99 10 1
99 100 1
99 101 7
99 98 1
99 10 1
99 100 1
99 101 7
26 3 1
26 91 1
26 11 1
26 128 1
26 145 1
26 5 1
26 5 1
26 106 1
26 33 1
26 14 2
26 16 2
26 75 1
26 46 1
26 49 1
26 135 1
26 57 1
26 71 1
26 71 2
26 240 3
26 3 1
26 11 1
26 128 1
26 145 1
26 5 1
26 33 1
26 14 2
26 16 2
26 46 1
26 135 1
26 57 1
26 71 1
26 71 2
26 240 3
26 91 1
26 5 1
26 106 1
26 75 1
26 49 1
26 58 3
26 148 1
26 146 1
26 262 1
26 223 2
26 278 1
26 78 1
26 78 1
26 148 1
26 58 3
26 146 1
26 262 1
26 223 2
26 278 1
26 78 1
26 78 1
26 148 1
26 148 1
26 283 3
26 283 1
240 65 1
240 257 1
240 143 1
240 140 6
240 57 1
240 140 6
240 65 1
240 257 1
240 143 1
240 57 1
240 237 1
240 120 1
240 39 1
240 237 1
240 120 1
240 39 1
240 283 3
240 283 6
43 8 1
43 8 1
43 135 1
43 33 1
43 16 2
43 65 1
43 65 1
43 71 1
43 33 1
43 16 2
43 65 1
43 65 1
43 135 1
43 71 1
152 33 2
152 12 6
152 33 2
152 12 6
152 186 1
152 213 2
152 192 3
152 157 2
152 157 2
152 153 3
152 153 14
152 151 1
152 186 1
152 157 4
152 213 2
152 192 3
152 153 17
152 151 1
152 283 16
45 8 3
45 83 1
45 17 1
45 8 3
45 83 1
45 17 1
45 108 1
45 212 2
45 133 2
45 118 1
45 255 1
45 108 1
45 212 2
45 133 2
45 118 1
45 255 1
160 162 1
160 162 1
160 12 2
160 162 1
160 162 1
160 12 2
160 186 1
160 186 1
160 164 1
160 167 1
160 161 1
160 161 24
160 165 6
160 186 2
160 164 1
160 167 1
160 161 25
160 165 6
160 283 30
154 155 1
154 158 1
154 33 2
154 12 2
154 155 1
154 158 1
154 33 2
154 12 2
154 213 1
154 195 2
154 157 1
154 153 2
154 151 2
154 151 9
154 161 3
154 161 2
154 157 1
154 213 1
154 195 2
154 153 2
154 151 11
154 161 5
154 283 15
38 2 1
38 109 1
38 64 1
38 29 1
38 29 1
38 111 1
38 12 1
38 14 1
38 15 1
38 65 3
38 34 1
38 85 1
38 69 1
38 77 1
38 57 4
38 71 2
38 237 5
38 2 1
38 109 1
38 64 1
38 29 1
38 12 1
38 14 1
38 15 1
38 65 3
38 34 1
38 77 1
38 57 4
38 71 2
38 237 5
38 29 1
38 111 1
38 85 1
38 69 1
38 146 1
38 89 1
38 89 1
38 146 1
38 89 1
38 89 1
38 283 3
186 33 3
186 12 2
186 152 1
186 160 1
186 160 1
186 33 3
186 12 2
186 152 1
186 164 1
186 226 1
186 164 1
186 167 1
186 165 12
186 168 2
186 168 13
186 164 1
186 164 1
186 167 1
186 226 1
186 165 12
186 168 15
186 283 26
188 33 2
188 33 2
98 99 1
98 99 1
98 11 1
98 79 12
98 79 1
98 92 1
98 11 1
98 79 12
98 79 1
98 92 1
54 10 3
54 64 1
54 147 1
54 65 2
54 63 4
54 42 1
54 42 1
54 115 1
54 70 1
54 132 1
54 264 1
54 117 1
54 117 1
54 53 3
54 64 1
54 65 2
54 63 4
54 42 1
54 117 1
54 10 3
54 147 1
54 42 1
54 115 1
54 70 1
54 132 1
54 264 1
54 117 1
54 53 3
54 214 1
54 194 1
54 77 1
54 58 4
54 77 1
54 58 4
54 214 1
54 194 1
202 12 1
202 12 1
202 203 1
202 203 1
125 11 1
125 128 1
125 33 1
125 33 1
125 12 3
125 16 1
125 47 1
125 23 1
125 123 2
125 123 1
125 248 1
125 11 1
125 128 1
125 33 1
125 33 1
125 12 3
125 16 1
125 47 1
125 23 1
125 123 2
125 123 1
125 248 1
125 95 1
125 95 1
257 46 1
257 46 1
257 124 2
257 53 1
257 240 1
257 62 1
257 23 1
257 140 1
257 140 3
257 223 3
257 124 2
257 23 1
257 53 1
257 140 1
257 140 3
257 240 1
257 223 3
257 62 1
283 155 11
283 158 12
283 162 9
283 163 10
283 169 10
283 176 1
283 180 2
283 129 2
283 130 4
283 42 1
283 42 1
283 44 10
283 152 16
283 154 15
283 160 30
283 186 26
283 170 17
283 187 6
283 252 1
283 231 3
283 149 13
283 203 1
283 122 3
283 233 24
283 164 25
283 221 6
283 157 34
283 167 28
283 268 32
283 272 1
283 251 1
283 177 1
283 177 4
283 108 7
283 116 5
283 116 1
283 258 1
283 258 4
283 259 1
283 259 6
283 48 1
283 48 12
283 239 1
283 239 12
283 261 3
283 261 6
283 265 1
283 265 9
283 181 2
283 179 2
283 280 1
283 212 1
283 212 2
283 133 2
283 133 1
283 135 2
283 135 1
283 24 3
283 24 1
283 35 3
283 35 1
283 56 4
283 37 3
283 37 2
283 143 1
283 143 7
283 140 10
283 57 9
283 57 2
283 71 3
283 71 1
283 240 3
283 240 6
283 237 6
283 237 3
283 277 10
283 276 12
283 275 15
283 238 5
283 248 2
283 248 1
283 26 3
283 26 1
283 38 3
283 58 7
283 58 1
283 146 5
283 146 2
283 137 3
283 137 5
283 61 3
283 61 7
283 78 3
283 78 3
283 88 3
283 88 3
283 126 4
283 126 1
283 121 3
283 39 3
283 27 3
283 27 1
283 255 1
283 255 5
283 256 2
283 256 5
283 263 6
283 263 3
283 267 1
283 267 7
283 195 11
283 196 19
283 150 29
283 156 25
283 159 19
283 197 20
283 166 27
283 171 23
283 198 20
283 200 18
283 182 14
283 127 5
283 138 26
283 234 35
283 224 20
283 225 22
283 226 28
283 227 2
283 228 32
283 201 24
283 229 20
283 230 14
283 252 5
283 269 9
283 269 1
283 231 8
283 232 4
283 232 3
283 241 2
283 284 1
283 153 12
283 151 22
283 161 23
283 165 25
283 168 26
283 173 27
283 282 24
283 271 25
283 273 28
283 235 22
283 220 11
283 253 13
283 183 12
130 184 1
130 106 1
130 13 1
130 14 3
130 14 2
130 129 23
130 129 1
130 184 1
130 106 1
130 13 1
130 14 3
130 14 2
130 129 23
130 83 2
130 93 1
130 232 1
130 83 2
130 93 1
130 34 2
130 17 1
130 116 1
130 7 1
130 220 1
130 83 2
130 83 2
130 93 1
130 93 1
130 34 1
130 34 1
130 17 1
130 116 1
130 7 1
130 232 1
130 220 1
130 283 4
115 10 1
115 12 1
115 12 1
115 16 1
115 65 1
115 65 3
115 10 1
115 12 1
115 12 1
115 16 1
115 65 1
115 65 3
115 134 1
115 54 1
115 77 1
115 134 1
115 87 2
115 87 3
115 124 1
115 117 1
115 117 6
115 53 1
115 54 3
115 54 1
115 134 1
115 134 1
115 87 2
115 87 3
115 124 1
115 117 1
115 117 6
115 53 1
115 54 3
115 54 1
115 54 1
115 77 1
256 259 1
256 36 3
256 237 1
256 277 1
256 275 1
256 259 1
256 36 3
256 237 1
256 277 1
256 275 1
256 214 1
256 214 1
256 283 2
256 283 5
11 98 1
11 98 1
11 122 1
11 113 2
11 114 1
11 53 3
11 24 1
11 123 1
11 37 1
11 12 1
11 14 3
11 16 1
11 51 1
11 124 4
11 24 4
11 24 12
11 35 1
11 118 1
11 126 1
11 126 2
11 39 1
11 127 3
11 12 1
11 14 3
11 16 1
11 122 1
11 113 2
11 114 1
11 51 1
11 124 4
11 53 3
11 24 4
11 24 12
11 24 1
11 35 1
11 123 1
11 37 1
11 118 1
11 126 1
11 126 2
11 39 1
11 127 3
284 283 1
139 147 1
139 155 1
139 33 5
139 33 2
139 33 5
139 12 3
139 12 7
139 13 2
139 13 6
139 14 6
139 15 5
139 6 1
139 16 1
139 65 1
139 34 3
139 44 1
139 203 1
139 233 1
139 164 3
139 221 4
139 204 1
139 189 2
139 222 1
139 47 1
139 205 1
139 217 1
139 217 1
139 245 1
139 172 1
139 97 5
139 97 1
139 97 2
139 147 1
139 155 1
139 33 2
139 33 5
139 12 7
139 13 2
139 13 6
139 14 6
139 15 5
139 6 1
139 16 1
139 65 1
139 44 1
139 203 1
139 233 1
139 164 1
139 164 2
139 221 4
139 204 1
139 189 2
139 222 1
139 47 1
139 205 1
139 217 1
139 97 1
139 97 2
139 33 5
139 12 3
139 34 3
139 217 1
139 245 1
139 172 1
139 97 5
139 246 2
139 219 1
139 171 2
139 210 1
139 198 1
139 21 1
139 219 1
139 135 2
139 135 3
139 278 2
139 224 2
139 224 1
139 226 1
139 226 1
139 227 3
139 228 1
139 229 1
139 210 1
139 21 1
139 246 2
139 219 1
139 219 1
139 135 2
139 135 3
139 278 2
139 171 2
139 198 1
139 224 3
139 226 2
139 227 3
139 228 1
139 229 1
25 257 1
25 132 1
25 257 1
25 132 1
25 277 1
25 277 1
153 157 4
153 157 1
153 113 5
153 52 1
153 53 2
153 121 1
153 195 2
153 196 1
153 252 1
153 157 1
153 195 2
153 157 4
153 113 5
153 52 1
153 53 2
153 121 1
153 196 1
153 252 1
153 151 7
153 151 7
153 283 12
42 8 1
42 147 1
42 63 2
42 8 1
42 147 1
42 63 2
42 20 6
42 22 1
42 54 1
42 137 1
42 61 2
42 88 1
42 45 1
42 7 1
42 24 2
42 35 2
42 71 1
42 248 1
42 118 1
42 137 1
42 126 1
42 121 2
42 45 1
42 20 6
42 7 1
42 22 1
42 54 1
42 24 2
42 35 2
42 71 1
42 248 1
42 118 1
42 137 1
42 137 1
42 61 2
42 88 1
42 126 1
42 121 2
42 283 1
42 283 1
264 142 1
264 265 1
264 265 1
264 142 1
264 117 1
264 54 1
264 140 1
264 40 1
264 23 1
264 55 2
264 36 2
264 240 4
264 275 1
264 60 4
264 117 1
264 23 1
264 54 1
264 55 2
264 36 2
264 140 1
264 240 4
264 275 1
264 60 4
264 40 1
237 16 1
237 65 1
237 132 1
237 143 1
237 143 3
237 140 1
237 71 1
237 240 1
237 143 1
237 143 3
237 16 1
237 65 1
237 132 1
237 140 1
237 71 1
237 240 1
237 72 1
237 27 1
237 60 1
237 278 1
237 72 1
237 60 1
237 278 1
237 27 1
237 283 6
237 283 3
77 98 1
77 73 3
77 73 3
77 80 4
77 80 1
77 74 1
77 85 1
77 115 1
77 134 1
77 134 1
77 136 2
77 108 1
77 20 1
77 51 1
77 51 4
77 87 1
77 53 1
77 98 1
77 73 3
77 73 3
77 80 4
77 80 1
77 74 1
77 85 1
77 134 1
77 136 2
77 108 1
77 20 1
77 51 1
77 51 4
77 87 1
77 53 1
77 115 1
77 134 1
77 148 5
77 89 1
77 89 1
77 148 5
77 89 1
77 89 1
36 257 1
36 132 1
36 257 1
36 132 1
36 277 1
36 277 1
138 13 3
138 14 1
138 221 1
138 157 20
138 167 1
138 53 1
138 196 1
138 127 4
138 157 3
138 157 17
138 167 1
138 196 1
138 13 3
138 14 1
138 221 1
138 53 1
138 127 4
138 234 1
138 225 1
138 227 2
138 269 1
138 151 9
138 161 3
138 234 1
138 225 1
138 227 2
138 269 1
138 151 9
138 161 3
138 283 26
63 31 1
63 147 2
63 13 1
63 16 2
63 65 1
63 13 1
63 16 2
63 65 1
63 31 1
63 147 2
63 42 2
63 20 1
63 86 1
63 114 2
63 22 1
63 23 1
63 53 1
63 137 1
63 61 1
63 88 1
63 127 4
63 229 1
63 66 1
63 136 1
63 217 2
63 217 1
63 218 1
63 247 1
63 24 2
63 35 1
63 249 1
63 119 1
63 250 1
63 121 1
63 42 2
63 66 1
63 136 1
63 217 2
63 217 1
63 218 1
63 247 1
63 20 1
63 86 1
63 114 2
63 22 1
63 23 1
63 53 1
63 24 2
63 35 1
63 249 1
63 119 1
63 250 1
63 137 1
63 61 1
63 88 1
63 121 1
63 127 4
63 229 1
244 216 1
244 216 2
244 93 1
244 202 1
244 136 1
244 136 1
244 236 2
244 236 1
244 236 5
244 216 1
244 216 2
244 93 1
244 202 1
244 136 1
244 136 1
244 236 1
244 236 5
244 236 2
244 206 1
244 20 3
244 207 5
244 7 2
244 206 1
244 207 5
244 20 3
244 7 2
97 149 1
97 33 2
97 33 1
97 33 1
97 12 4
97 13 5
97 14 1
97 14 11
97 15 5
97 6 2
97 16 2
97 65 1
97 34 1
97 34 1
97 34 2
97 17 1
97 17 1
97 154 1
97 170 1
97 187 1
97 233 3
97 164 4
97 221 3
97 204 2
97 189 2
97 222 1
97 222 2
97 136 1
97 136 4
97 274 1
97 149 1
97 33 1
97 33 1
97 12 4
97 13 5
97 14 1
97 14 11
97 15 5
97 6 2
97 16 2
97 65 1
97 34 1
97 34 2
97 17 1
97 154 1
97 170 1
97 187 1
97 233 3
97 164 1
97 164 3
97 221 1
97 221 2
97 204 2
97 189 2
97 222 1
97 222 2
97 136 4
97 33 2
97 34 1
97 17 1
97 136 1
97 274 1
97 139 5
97 201 2
97 229 1
97 139 2
97 135 1
97 135 4
97 123 2
97 223 2
97 234 1
97 224 1
97 225 1
97 226 2
97 228 1
97 229 2
97 230 1
97 139 2
97 139 5
97 135 1
97 135 4
97 123 2
97 223 2
97 234 1
97 224 1
97 225 1
97 226 2
97 228 1
97 201 2
97 229 2
97 229 1
97 230 1
10 99 1
10 99 1
10 113 1
10 114 1
10 54 3
10 35 1
10 56 1
10 101 1
10 92 1
10 33 2
10 13 1
10 13 4
10 47 1
10 117 1
10 117 3
10 52 1
10 54 1
10 24 2
10 35 1
10 35 12
10 118 2
10 119 2
10 121 4
10 101 1
10 92 1
10 33 2
10 13 1
10 13 4
10 113 1
10 47 1
10 114 1
10 117 1
10 117 3
10 52 1
10 54 1
10 54 3
10 24 2
10 35 1
10 35 12
10 35 1
10 56 1
10 118 2
10 119 2
10 121 4
263 25 3
263 276 1
263 275 1
263 238 2
263 25 3
263 276 1
263 275 1
263 238 2
263 283 6
263 283 3
84 28 3
84 98 1
84 98 6
84 32 1
84 79 2
84 80 1
84 80 2
84 80 5
84 81 1
84 92 2
84 82 1
84 18 1
84 28 3
84 98 1
84 98 6
84 79 2
84 80 2
84 80 5
84 81 1
84 92 2
84 82 1
84 32 1
84 80 1
84 18 1
84 85 1
84 112 2
84 54 1
84 77 2
84 85 1
84 112 2
84 54 1
84 77 2
102 9 2
102 10 1
102 101 2
102 73 1
102 92 1
102 10 1
102 101 2
102 73 1
102 92 1
102 9 2
102 105 1
102 106 2
102 107 1
102 107 1
102 96 1
102 96 1
102 124 1
102 105 1
102 106 2
102 107 1
102 107 1
102 96 1
102 96 1
102 124 1
31 2 1
31 8 2
31 2 1
31 8 2
31 63 1
31 43 1
31 33 1
31 33 4
31 12 1
31 6 2
31 65 1
31 17 1
31 63 1
31 63 1
31 42 1
31 68 1
31 47 1
31 19 1
31 70 2
31 21 1
31 53 4
31 53 3
31 54 4
31 55 1
31 71 2
31 72 1
31 43 1
31 33 1
31 33 4
31 12 1
31 6 2
31 65 1
31 17 1
31 63 1
31 63 1
31 63 1
31 42 1
31 68 1
31 47 1
31 19 1
31 70 2
31 21 1
31 53 4
31 53 3
31 54 4
31 55 1
31 71 2
31 72 1
4 3 1
4 3 1
4 3 1
4 3 1
4 73 5
4 73 7
4 74 1
4 74 4
4 76 1
4 51 3
4 51 12
4 53 1
4 77 2
4 78 2
4 73 5
4 73 7
4 74 1
4 74 4
4 76 1
4 51 3
4 51 12
4 53 1
4 77 2
4 78 2
140 264 1
140 264 1
140 237 1
140 119 1
140 121 1
140 240 1
140 240 11
140 193 1
140 240 1
140 240 11
140 237 1
140 119 1
140 121 1
140 193 1
140 283 10
62 13 1
62 46 1
62 48 1
62 257 1
62 76 1
62 23 1
62 140 1
62 262 1
62 61 1
62 13 1
62 46 1
62 48 1
62 23 1
62 140 1
62 262 1
62 61 1
62 257 1
62 76 1
62 148 2
62 148 2
62 148 2
62 148 2
20 3 1
20 147 7
20 147 1
20 33 1
20 33 1
20 33 1
20 12 1
20 12 1
20 13 2
20 13 3
20 14 6
20 6 2
20 65 1
20 93 1
20 63 1
20 42 6
20 113 2
20 244 3
20 209 4
20 139 1
20 139 2
20 3 1
20 147 1
20 33 1
20 33 1
20 12 1
20 12 1
20 13 2
20 13 3
20 14 6
20 6 2
20 65 1
20 93 1
20 139 1
20 139 2
20 147 7
20 33 1
20 63 1
20 42 6
20 113 2
20 244 3
20 209 4
20 86 1
20 114 1
20 161 1
20 183 2
20 53 2
20 86 1
20 114 1
20 53 2
20 161 1
20 183 2
192 33 1
192 12 1
192 152 3
192 33 1
192 12 1
192 152 3
86 28 1
86 147 9
86 147 2
86 29 1
86 33 1
86 12 2
86 13 4
86 14 5
86 83 3
86 63 1
86 44 1
86 44 3
86 167 1
86 113 13
86 113 1
86 113 1
86 97 4
86 139 1
86 139 6
86 20 1
86 28 1
86 147 2
86 29 1
86 33 1
86 12 2
86 13 4
86 14 5
86 83 3
86 44 1
86 44 3
86 167 1
86 113 1
86 113 1
86 97 4
86 139 1
86 139 6
86 147 9
86 63 1
86 113 13
86 20 1
86 165 1
86 168 1
86 30 1
86 87 2
86 54 1
86 35 1
86 38 1
86 30 1
86 87 2
86 54 1
86 35 1
86 38 1
86 165 1
86 168 1
213 12 3
213 152 2
213 154 1
213 12 3
213 152 2
213 154 1
88 63 1
88 42 1
88 238 3
88 119 4
88 120 3
88 238 3
88 119 4
88 63 1
88 42 1
88 120 3
88 283 3
88 283 3
51 94 1
51 94 1
51 87 1
51 56 2
51 37 1
51 37 3
51 143 2
51 143 10
51 140 7
51 57 4
51 57 2
51 71 4
51 71 2
51 240 1
51 240 8
51 237 2
51 237 9
51 144 2
51 126 3
51 126 5
51 121 3
51 121 7
51 39 1
51 39 5
51 27 1
51 27 10
51 87 1
51 56 2
51 37 1
51 37 3
51 143 2
51 143 10
51 140 7
51 57 4
51 57 2
51 71 4
51 71 2
51 240 1
51 240 8
51 237 2
51 237 9
51 144 2
51 126 3
51 126 5
51 121 3
51 121 7
51 39 1
51 39 5
51 27 1
51 27 10
17 33 1
17 12 1
17 13 1
17 13 2
17 14 1
17 15 1
17 6 1
17 6 2
17 65 1
17 65 2
17 34 4
17 34 1
17 33 1
17 12 1
17 13 1
17 13 2
17 14 1
17 15 1
17 6 1
17 6 2
17 65 1
17 65 2
17 34 1
17 34 4
17 97 1
17 97 2
17 139 1
17 139 3
17 30 1
17 213 1
17 97 2
17 97 1
17 139 1
17 139 3
17 30 1
17 213 1
8 3 1
8 3 1
8 41 1
8 42 1
8 31 1
8 33 2
8 12 3
8 16 1
8 44 1
8 45 1
8 46 1
8 47 1
8 47 1
8 48 1
8 49 1
8 49 1
8 50 1
8 50 1
8 51 1
8 52 1
8 53 2
8 53 3
8 54 3
8 54 3
8 55 2
8 56 1
8 37 1
8 57 2
8 57 2
8 26 1
8 58 1
8 59 1
8 60 1
8 61 1
8 62 1
8 31 1
8 41 1
8 33 2
8 12 3
8 16 1
8 42 1
8 44 1
8 45 1
8 46 1
8 47 1
8 47 1
8 48 1
8 49 1
8 49 1
8 50 1
8 50 1
8 51 1
8 52 1
8 53 2
8 53 3
8 54 3
8 54 3
8 55 2
8 56 1
8 37 1
8 57 2
8 57 2
8 26 1
8 58 1
8 59 1
8 60 1
8 61 1
8 62 1
218 63 16
218 136 19
218 136 16
218 217 3
218 63 16
218 136 19
218 136 16
218 217 3
218 247 1
218 171 1
218 273 1
218 97 1
218 139 1
218 97 1
218 139 1
218 247 1
218 171 1
218 273 1
105 9 1
105 32 2
105 32 1
105 32 2
105 11 1
105 81 2
105 29 1
105 102 1
105 9 1
105 32 1
105 32 2
105 11 1
105 81 2
105 29 1
105 32 2
105 102 1
105 107 1
105 96 1
105 96 1
105 107 1
105 96 1
105 96 1
18 3 1
18 99 1
18 99 4
18 9 1
18 101 1
18 73 3
18 73 7
18 81 4
18 104 1
18 3 1
18 99 1
18 99 4
18 101 1
18 73 3
18 73 7
18 81 4
18 104 1
18 9 1
18 84 1
18 75 1
18 84 1
18 75 1
73 9 3
73 10 2
73 10 2
73 11 2
73 11 6
73 9 3
73 10 2
73 10 2
73 11 2
73 11 6
73 80 2
73 104 1
73 5 1
73 81 1
73 65 5
73 136 1
73 51 3
73 51 5
73 53 1
73 24 4
73 137 1
73 137 8
73 78 7
73 138 1
73 80 2
73 81 1
73 104 1
73 5 1
73 65 5
73 136 1
73 51 3
73 51 5
73 53 1
73 24 4
73 137 1
73 137 8
73 78 7
73 138 1
206 33 9
206 12 6
206 15 1
206 33 9
206 12 6
206 15 1
206 207 3
206 207 1
206 97 13
206 182 1
206 207 1
206 207 3
206 97 13
206 182 1
242 243 1
272 235 1
272 228 1
272 273 1
272 228 1
272 273 1
272 235 1
272 283 1
251 283 1
278 124 1
278 117 1
278 58 1
278 60 1
278 124 1
278 117 1
278 58 1
278 60 1
157 14 1
157 154 2
157 154 2
157 14 1
157 167 1
157 153 4
157 151 2
157 151 1
157 167 1
157 153 4
157 151 1
157 151 2
157 283 34
167 160 1
167 157 1
167 160 1
167 157 1
167 268 2
167 165 2
167 161 1
167 165 1
167 268 2
167 161 1
167 165 1
167 165 2
167 283 28
268 167 2
268 167 2
268 270 1
268 270 1
268 283 32
78 280 1
78 238 1
78 238 4
78 118 3
78 72 2
78 280 1
78 238 1
78 238 4
78 118 3
78 72 2
78 283 3
78 283 3
233 14 1
233 160 5
233 122 1
233 160 5
233 14 1
233 122 1
233 164 6
233 127 2
233 167 1
233 167 1
233 161 7
233 161 16
233 165 6
233 165 8
233 168 1
233 164 6
233 167 2
233 127 2
233 161 23
233 165 14
233 168 1
233 283 24
59 117 1
59 117 1
266 265 6
266 265 6
266 264 1
266 264 1
266 87 2
266 55 1
266 55 2
266 36 1
266 36 14
266 276 3
266 275 2
266 238 3
266 267 4
266 89 1
266 264 1
266 264 1
266 87 2
266 55 1
266 55 2
266 36 1
266 36 14
266 276 3
266 275 2
266 238 3
266 267 4
266 89 1
219 12 1
219 6 1
219 139 1
219 139 1
219 114 1
219 12 1
219 6 1
219 139 1
219 114 1
219 139 1
219 182 1
219 182 1
80 32 1
80 10 1
80 10 7
80 11 1
80 73 2
80 32 1
80 10 1
80 10 7
80 11 1
80 73 2
80 110 1
80 29 1
80 84 1
80 16 4
80 65 1
80 65 1
80 136 1
80 136 1
80 87 4
80 87 3
80 35 1
80 35 3
80 61 5
80 88 3
80 121 1
80 110 1
80 29 1
80 16 4
80 65 1
80 65 1
80 84 1
80 136 1
80 136 1
80 87 4
80 87 3
80 35 1
80 35 3
80 61 5
80 88 3
80 121 1
5 3 1
5 3 1
5 4 3
5 9 5
5 9 2
5 10 2
5 10 3
5 73 1
5 3 1
5 4 3
5 9 5
5 9 2
5 10 2
5 10 3
5 3 1
5 73 1
5 29 1
5 22 2
5 26 1
5 106 1
5 33 2
5 13 6
5 15 2
5 6 2
5 6 2
5 51 4
5 24 1
5 25 1
5 29 1
5 106 1
5 33 2
5 13 6
5 15 2
5 6 2
5 6 2
5 51 4
5 22 2
5 24 1
5 25 1
5 26 1
254 134 1
254 261 7
254 49 1
254 134 1
254 261 7
254 49 1
254 76 1
254 51 1
254 55 2
254 25 11
254 276 1
254 276 1
254 275 4
254 238 1
254 263 3
254 76 1
254 51 1
254 55 2
254 25 11
254 276 1
254 276 1
254 275 4
254 238 1
254 263 3
87 142 1
87 239 1
87 51 4
87 142 1
87 239 1
87 51 4
87 56 1
87 143 1
87 143 9
87 140 1
87 140 10
87 57 2
87 57 1
87 71 1
87 71 7
87 240 12
87 237 1
87 237 9
87 119 1
87 144 1
87 59 1
87 262 1
87 126 2
87 126 5
87 121 1
87 121 6
87 39 2
87 39 11
87 27 1
87 27 6
87 56 1
87 143 1
87 143 9
87 140 1
87 140 10
87 57 2
87 57 1
87 71 1
87 71 7
87 240 12
87 237 1
87 237 9
87 119 1
87 144 1
87 59 1
87 262 1
87 126 2
87 126 5
87 121 1
87 121 6
87 39 2
87 39 11
87 27 1
87 27 6
216 12 1
216 12 2
216 13 1
216 13 1
216 14 2
216 6 1
216 16 1
216 65 1
216 129 1
216 12 1
216 12 2
216 13 1
216 13 1
216 14 2
216 6 1
216 16 1
216 65 1
216 129 1
216 52 1
216 112 1
216 34 1
216 44 1
216 202 1
216 236 2
216 97 1
216 133 1
216 133 1
216 86 1
216 30 1
216 114 1
216 200 1
216 34 1
216 44 1
216 202 1
216 236 2
216 97 1
216 133 1
216 133 1
216 86 1
216 30 1
216 114 1
216 52 1
216 112 1
216 200 1
280 118 5
280 78 1
280 78 5
280 118 5
280 78 1
280 78 5
280 283 1
262 124 1
262 124 1
6 3 2
6 91 1
6 163 1
6 178 1
6 33 3
6 33 13
6 12 1
6 12 14
6 13 1
6 15 2
6 163 1
6 178 1
6 33 3
6 33 13
6 12 1
6 12 14
6 13 1
6 15 2
6 3 2
6 91 1
6 34 2
6 19 1
6 152 2
6 154 1
6 160 1
6 160 1
6 186 1
6 186 1
6 170 2
6 202 1
6 203 1
6 221 1
6 113 1
6 190 2
6 209 1
6 191 1
6 213 3
6 192 1
6 196 1
6 150 2
6 197 1
6 200 1
6 34 2
6 152 2
6 154 1
6 160 1
6 160 1
6 186 1
6 186 1
6 170 2
6 202 1
6 203 1
6 221 1
6 113 1
6 19 1
6 190 2
6 209 1
6 191 1
6 213 3
6 192 1
6 196 1
6 150 2
6 197 1
6 200 1
207 33 7
207 12 7
207 15 1
207 6 1
207 129 1
207 83 1
207 202 1
207 206 3
207 206 1
207 33 7
207 12 7
207 15 1
207 6 1
207 129 1
207 202 1
207 206 1
207 83 1
207 206 3
207 97 6
207 139 3
207 182 2
207 97 6
207 139 3
207 182 2
212 33 2
212 14 2
212 14 1
212 15 3
212 6 3
212 16 1
212 130 1
212 216 1
212 34 5
212 17 2
212 17 3
212 44 2
212 45 1
212 45 1
212 67 2
212 157 2
212 209 1
212 97 1
212 33 2
212 14 1
212 15 3
212 6 3
212 16 1
212 130 1
212 216 1
212 34 5
212 17 2
212 17 3
212 44 2
212 45 1
212 45 1
212 67 2
212 157 2
212 209 1
212 97 1
212 14 2
212 133 5
212 30 1
212 114 1
212 246 1
212 52 1
212 133 5
212 30 1
212 114 1
212 246 1
212 52 1
212 283 1
212 283 2
147 13 1
147 63 2
147 42 1
147 20 7
147 86 9
147 53 2
147 54 1
147 33 1
147 33 1
147 12 1
147 12 2
147 13 1
147 13 2
147 14 4
147 15 1
147 6 1
147 34 1
147 115 2
147 134 2
147 139 2
147 20 1
147 51 1
147 51 2
147 87 1
147 87 1
147 148 1
147 33 1
147 33 1
147 12 1
147 12 2
147 13 1
147 13 2
147 13 1
147 14 4
147 15 1
147 6 1
147 34 1
147 63 2
147 42 1
147 115 2
147 134 2
147 139 2
147 20 1
147 20 7
147 86 9
147 51 1
147 51 2
147 87 1
147 87 1
147 53 2
147 54 1
147 148 1
252 44 2
252 157 7
252 167 6
252 268 6
252 113 1
252 114 2
252 44 2
252 157 4
252 157 3
252 167 2
252 167 4
252 268 2
252 268 4
252 113 1
252 114 2
252 269 6
252 231 2
252 269 3
252 153 1
252 231 1
252 153 1
252 153 3
252 151 1
252 161 1
252 165 2
252 168 2
252 168 3
252 173 1
252 269 3
252 269 6
252 231 1
252 231 2
252 153 4
252 153 1
252 151 1
252 161 1
252 165 2
252 168 5
252 173 1
252 283 1
252 283 5
231 44 1
231 157 2
231 167 4
231 268 5
231 270 1
231 270 12
231 113 1
231 116 1
231 133 1
231 86 1
231 30 4
231 252 2
231 252 2
231 269 2
231 269 1
231 44 1
231 157 1
231 157 1
231 167 4
231 268 1
231 268 4
231 270 2
231 270 10
231 113 1
231 116 1
231 133 1
231 86 1
231 30 4
231 252 2
231 269 1
231 270 1
231 252 2
231 269 2
231 232 1
231 241 2
231 153 1
231 151 1
231 161 1
231 165 2
231 168 3
231 168 1
231 173 3
231 173 1
231 282 5
231 232 1
231 241 2
231 153 1
231 151 1
231 161 1
231 165 2
231 168 4
231 173 4
231 282 5
231 283 3
231 283 8
222 13 2
222 14 1
222 13 2
222 14 1
222 183 2
222 183 2
162 160 1
162 163 1
162 165 3
162 165 8
162 163 1
162 160 1
162 165 11
162 283 9
163 33 1
163 12 1
163 166 1
163 167 1
163 168 3
163 168 6
163 33 1
163 12 1
163 167 1
163 166 1
163 168 9
163 283 10
169 33 1
169 12 1
169 14 1
169 170 2
169 171 1
169 173 3
169 173 10
169 33 1
169 12 1
169 14 1
169 170 2
169 171 1
169 173 13
169 283 10
174 33 6
174 12 5
174 13 2
174 14 2
174 33 6
174 12 5
174 13 2
174 14 2
149 33 3
149 12 2
149 150 1
149 151 1
149 152 2
149 153 1
149 153 4
149 33 3
149 12 2
149 152 2
149 150 1
149 153 5
149 151 1
149 283 13
155 154 1
155 156 2
155 122 1
155 157 1
155 151 4
155 151 6
155 154 1
155 122 1
155 157 1
155 156 2
155 151 10
155 283 11
158 33 2
158 12 1
158 154 1
158 159 2
158 160 1
158 157 1
158 151 1
158 161 1
158 161 14
158 33 2
158 12 1
158 154 1
158 160 1
158 157 1
158 159 2
158 151 1
158 161 15
158 283 12
57 70 2
57 51 4
57 87 3
57 143 1
57 140 1
57 70 2
57 51 4
57 87 3
57 140 1
57 71 3
57 143 1
57 240 1
57 275 1
57 248 1
57 71 3
57 240 1
57 275 1
57 248 1
57 283 9
57 283 2
15 2 2
15 149 1
15 162 1
15 163 1
15 178 1
15 180 2
15 33 1
15 33 12
15 12 2
15 12 17
15 149 1
15 162 1
15 163 1
15 178 1
15 180 2
15 33 1
15 33 12
15 12 2
15 12 17
15 2 2
15 66 2
15 47 1
15 19 1
15 152 1
15 154 1
15 160 4
15 186 1
15 186 1
15 170 1
15 202 1
15 190 1
15 97 1
15 191 1
15 191 1
15 213 1
15 192 1
15 159 1
15 159 1
15 66 2
15 152 1
15 154 1
15 160 4
15 186 1
15 186 1
15 170 1
15 202 1
15 47 1
15 19 1
15 190 1
15 97 1
15 191 1
15 191 1
15 213 1
15 192 1
15 159 1
15 159 1
175 33 4
175 12 3
175 33 4
175 12 3
176 33 4
176 12 1
176 177 7
176 12 1
176 33 4
176 12 1
176 12 1
176 177 7
176 283 1
29 2 1
29 2 2
29 28 2
29 32 6
29 32 4
29 11 1
29 11 2
29 80 1
29 5 1
29 2 2
29 28 2
29 32 6
29 32 4
29 11 1
29 11 2
29 2 1
29 80 1
29 5 1
29 111 1
29 23 2
29 38 1
29 12 1
29 12 4
29 14 3
29 15 1
29 15 4
29 6 1
29 65 3
29 116 1
29 86 1
29 87 2
29 38 2
29 111 1
29 12 1
29 12 4
29 14 3
29 15 1
29 15 4
29 6 1
29 65 3
29 116 1
29 86 1
29 87 2
29 23 2
29 38 2
29 38 1
