166 10 1
166 84 1
166 157 2
166 222 2
166 163 1
166 10 1
166 157 1
166 157 1
166 222 2
166 84 1
166 163 1
166 171 2
166 171 2
166 281 26
77 26 1
77 99 1
77 26 1
77 99 1
77 33 1
77 78 8
77 82 1
77 106 1
77 85 6
77 115 2
77 78 8
77 82 1
77 106 1
77 85 6
77 115 2
77 33 1
106 7 1
106 71 2
106 78 1
106 3 1
106 27 2
106 129 1
106 104 1
106 4 2
106 127 1
106 127 5
106 32 1
106 32 1
106 73 1
106 73 1
106 83 2
106 7 1
106 71 2
106 78 1
106 3 1
106 27 2
106 129 1
106 104 1
106 4 2
106 127 1
106 127 5
106 32 1
106 32 1
106 73 1
106 73 1
106 83 2
106 114 1
106 114 3
106 50 3
106 22 2
106 211 2
106 239 3
106 114 1
106 114 3
106 50 3
106 22 2
106 211 2
106 239 3
106 281 7
256 257 1
256 46 1
256 48 1
256 236 1
256 19 1
256 53 1
256 23 2
256 138 1
256 238 4
256 191 1
256 257 1
256 46 1
256 48 1
256 19 1
256 53 1
256 23 2
256 138 1
256 238 4
256 236 1
256 191 1
256 281 1
256 281 4
140 108 1
140 14 1
140 14 4
140 108 1
140 14 1
140 14 4
140 262 1
140 53 1
140 263 1
140 263 1
140 264 2
140 68 1
140 68 6
140 262 3
140 20 2
140 21 2
140 21 2
140 34 1
140 54 1
140 138 2
140 144 2
140 248 2
140 265 1
140 263 1
140 263 1
140 264 2
140 68 1
140 68 6
140 262 3
140 262 1
140 20 2
140 21 2
140 21 2
140 53 1
140 34 1
140 54 1
140 138 2
140 144 2
140 248 2
140 265 1
243 91 1
243 201 2
243 134 3
243 134 5
243 203 1
243 206 1
243 206 1
243 91 1
243 201 2
243 134 3
243 134 5
243 203 1
243 206 1
243 206 1
243 137 1
243 180 1
243 137 8
243 180 1
243 137 8
243 137 1
243 180 1
243 180 1
89 88 1
89 4 1
89 74 1
89 24 1
89 7 2
89 7 4
89 8 2
89 8 5
89 9 1
89 41 2
89 90 1
89 90 2
89 3 2
89 31 2
89 10 3
89 11 2
89 11 2
89 13 1
89 4 4
89 32 1
89 15 3
89 73 2
89 74 1
89 23 1
89 88 1
89 7 2
89 7 4
89 8 2
89 8 5
89 9 1
89 41 2
89 90 1
89 90 2
89 3 2
89 31 2
89 10 3
89 11 2
89 11 2
89 13 1
89 4 4
89 4 1
89 32 1
89 15 3
89 73 2
89 74 1
89 74 1
89 23 1
89 24 1
92 89 1
92 63 1
92 63 2
92 89 1
92 63 1
92 63 2
92 74 1
92 53 1
92 259 2
92 48 4
92 74 6
92 20 1
92 20 6
92 21 4
92 23 1
92 141 4
92 56 1
92 260 1
92 260 1
92 261 2
92 259 2
92 48 4
92 74 6
92 74 1
92 20 1
92 20 6
92 21 4
92 53 1
92 23 1
92 141 4
92 56 1
92 260 1
92 260 1
92 261 2
69 61 1
69 49 3
69 85 3
69 85 4
69 33 2
69 121 1
69 141 1
69 55 1
69 61 1
69 49 3
69 85 3
69 85 4
69 33 2
69 121 1
69 141 1
69 55 1
69 235 1
69 235 1
69 281 3
69 281 1
114 8 1
114 9 1
114 71 1
114 78 1
114 161 1
114 3 2
114 4 1
114 127 1
114 127 1
114 32 1
114 42 1
114 73 1
114 65 1
114 168 1
114 185 1
114 106 1
114 106 1
114 8 1
114 9 1
114 71 1
114 78 1
114 161 1
114 3 2
114 4 1
114 127 1
114 127 1
114 32 1
114 42 1
114 73 1
114 65 1
114 168 1
114 185 1
114 106 1
114 106 1
114 131 1
114 131 1
114 131 1
114 28 1
114 110 1
114 110 3
114 36 1
114 189 1
114 190 1
114 195 1
114 267 1
114 267 2
114 229 1
114 163 2
114 131 1
114 131 1
114 131 1
114 28 1
114 110 1
114 110 3
114 36 1
114 189 1
114 190 1
114 195 1
114 267 1
114 267 2
114 229 1
114 163 2
114 281 5
114 281 1
88 89 1
88 89 1
88 30 2
88 30 8
88 9 10
88 90 1
88 27 1
88 27 2
88 10 2
88 11 1
88 12 2
88 13 1
88 13 4
88 4 2
88 15 1
88 15 1
88 94 3
88 68 1
88 95 1
88 95 1
88 20 1
88 21 1
88 30 2
88 30 8
88 9 10
88 90 1
88 27 1
88 27 2
88 10 2
88 11 1
88 12 2
88 13 1
88 13 4
88 4 2
88 15 1
88 15 1
88 94 3
88 68 1
88 95 1
88 95 1
88 20 1
88 21 1
265 237 1
265 34 3
265 238 1
265 273 2
265 236 2
265 237 1
265 34 3
265 238 1
265 273 2
265 236 2
265 281 1
265 281 7
239 127 1
239 128 1
239 111 2
239 106 1
239 68 1
239 112 1
239 60 3
239 229 2
239 229 1
239 230 1
239 230 1
239 127 1
239 128 1
239 111 2
239 106 1
239 68 1
239 112 1
239 60 3
239 229 1
239 230 1
239 229 2
239 230 1
239 281 2
109 30 8
109 30 3
109 107 1
109 27 1
109 104 1
109 30 8
109 30 3
109 107 1
109 27 1
109 104 1
109 28 4
109 36 1
109 82 1
109 140 1
109 110 1
109 82 1
109 140 1
109 28 4
109 110 1
109 36 1
247 61 3
247 40 3
247 55 2
247 61 3
247 40 3
247 55 2
94 30 1
94 30 1
94 9 4
94 99 1
94 99 3
94 77 3
94 77 6
94 79 1
94 108 1
94 105 1
94 105 4
94 30 1
94 30 1
94 9 4
94 99 1
94 99 3
94 77 3
94 77 6
94 79 1
94 108 1
94 105 1
94 105 4
10 29 1
10 147 2
10 147 1
10 153 2
10 156 1
10 156 1
10 160 1
10 161 1
10 161 1
10 167 1
10 167 2
10 172 5
10 172 3
10 173 3
10 173 6
10 174 1
10 174 5
10 176 1
10 176 1
10 178 6
10 31 5
10 31 1
10 29 1
10 147 1
10 153 1
10 153 1
10 156 1
10 160 1
10 161 1
10 167 2
10 172 3
10 173 5
10 173 1
10 174 3
10 174 2
10 176 1
10 178 6
10 31 1
10 147 2
10 156 1
10 161 1
10 167 1
10 172 5
10 173 3
10 174 1
10 176 1
10 31 5
10 150 6
10 152 2
10 158 2
10 184 2
10 168 5
10 185 2
10 200 1
10 202 2
10 137 3
10 22 2
10 33 1
10 211 3
10 190 1
10 212 1
10 213 1
10 148 2
10 154 3
10 157 3
10 195 2
10 164 4
10 169 4
10 197 1
10 198 7
10 180 1
10 199 4
10 11 1
10 13 1
10 4 2
10 14 2
10 63 2
10 150 1
10 150 1
10 152 2
10 158 1
10 158 2
10 184 2
10 184 4
10 168 2
10 185 2
10 185 9
10 186 3
10 200 1
10 200 7
10 201 2
10 162 1
10 202 1
10 187 2
10 187 3
10 188 1
10 203 3
10 215 1
10 216 1
10 95 2
10 95 5
10 137 5
10 51 1
10 189 1
10 211 1
10 211 2
10 194 1
10 194 1
10 148 1
10 148 4
10 154 2
10 157 1
10 195 3
10 169 9
10 169 3
10 196 4
10 196 2
10 197 4
10 198 8
10 181 2
10 11 1
10 13 1
10 4 2
10 14 2
10 63 2
10 150 2
10 150 6
10 152 2
10 152 2
10 158 3
10 158 2
10 184 6
10 184 2
10 168 2
10 168 5
10 185 11
10 185 2
10 186 3
10 200 1
10 200 7
10 200 1
10 201 2
10 162 1
10 202 1
10 202 2
10 187 5
10 188 1
10 203 3
10 215 1
10 216 1
10 95 2
10 95 5
10 137 5
10 137 3
10 51 1
10 22 2
10 33 1
10 189 1
10 211 1
10 211 2
10 211 3
10 190 1
10 212 1
10 213 1
10 194 2
10 148 5
10 148 2
10 154 2
10 154 3
10 157 1
10 157 3
10 195 3
10 195 2
10 164 4
10 169 11
10 169 1
10 169 4
10 196 4
10 196 2
10 197 4
10 197 1
10 198 8
10 198 7
10 180 1
10 199 4
10 181 2
121 9 1
121 14 7
121 63 7
121 32 1
121 61 1
121 40 4
121 42 2
121 66 1
121 92 2
121 140 1
121 120 1
121 68 1
121 122 3
121 115 5
121 22 1
121 22 1
121 33 1
121 33 1
121 33 3
121 14 7
121 63 7
121 61 1
121 40 4
121 42 2
121 66 1
121 92 2
121 140 1
121 68 1
121 122 3
121 115 5
121 22 1
121 33 1
121 33 3
121 9 1
121 32 1
121 120 1
121 22 1
121 33 1
121 124 1
121 119 1
121 37 1
121 141 1
121 55 2
121 69 1
121 69 3
121 119 2
121 25 1
121 192 1
121 141 1
121 55 2
121 69 1
121 69 3
121 124 1
121 119 2
121 119 1
121 37 1
121 25 1
121 192 1
233 12 1
233 270 1
233 270 1
233 111 4
233 199 2
233 271 5
233 270 1
233 199 2
233 12 1
233 270 1
233 111 4
233 271 5
233 281 22
185 31 10
185 10 2
185 31 10
185 10 2
185 163 2
185 163 2
185 166 2
185 166 1
185 171 3
185 163 4
185 166 3
185 171 3
185 281 6
21 0 1
21 27 2
21 31 5
21 10 5
21 61 1
21 0 1
21 31 5
21 10 5
21 27 2
21 61 1
21 59 1
21 124 4
21 119 3
21 37 2
21 25 1
21 59 1
21 124 4
21 119 3
21 37 2
21 25 1
31 147 3
31 153 1
31 156 2
31 156 1
31 160 1
31 161 1
31 161 3
31 167 1
31 172 6
31 172 8
31 173 4
31 173 5
31 174 4
31 174 8
31 176 1
31 176 2
31 178 4
31 153 1
31 156 1
31 160 1
31 161 3
31 172 7
31 172 1
31 173 5
31 174 8
31 176 2
31 178 4
31 147 3
31 156 2
31 161 1
31 167 1
31 172 6
31 173 4
31 174 4
31 176 1
31 10 5
31 32 2
31 150 2
31 152 2
31 184 3
31 168 1
31 185 10
31 186 2
31 187 3
31 45 1
31 188 1
31 95 2
31 137 5
31 18 1
31 33 3
31 189 4
31 190 1
31 93 1
31 191 1
31 192 1
31 193 3
31 194 4
31 148 1
31 154 1
31 157 5
31 195 6
31 164 2
31 169 10
31 196 1
31 197 1
31 198 1
31 199 5
31 10 2
31 12 1
31 13 1
31 81 1
31 150 1
31 150 1
31 152 1
31 152 1
31 158 1
31 158 5
31 184 1
31 184 6
31 168 2
31 168 5
31 185 11
31 186 2
31 200 4
31 201 2
31 201 1
31 202 1
31 202 1
31 187 1
31 188 1
31 95 3
31 95 7
31 137 2
31 137 4
31 194 1
31 148 2
31 154 2
31 157 3
31 195 4
31 169 6
31 169 3
31 196 7
31 197 5
31 198 6
31 180 2
31 10 2
31 10 5
31 12 1
31 13 1
31 81 1
31 32 2
31 150 2
31 150 2
31 152 2
31 152 2
31 158 6
31 184 7
31 184 3
31 168 7
31 168 1
31 185 11
31 185 10
31 186 2
31 186 2
31 200 4
31 201 2
31 201 1
31 202 2
31 187 1
31 187 3
31 45 1
31 188 1
31 188 1
31 95 3
31 95 7
31 95 2
31 137 2
31 137 4
31 137 5
31 18 1
31 33 3
31 189 4
31 190 1
31 93 1
31 191 1
31 192 1
31 193 3
31 194 1
31 194 4
31 148 2
31 148 1
31 154 2
31 154 1
31 157 3
31 157 5
31 195 4
31 195 6
31 164 2
31 169 9
31 169 10
31 196 7
31 196 1
31 197 5
31 197 1
31 198 6
31 198 1
31 180 2
31 199 5
56 69 1
56 24 3
56 69 1
56 24 3
56 276 1
56 276 1
56 281 7
56 281 1
105 7 2
105 30 3
105 30 1
105 8 1
105 8 1
105 9 1
105 99 7
105 99 3
105 79 1
105 31 1
105 7 2
105 30 3
105 30 1
105 8 1
105 8 1
105 9 1
105 99 7
105 99 3
105 79 1
105 31 1
105 94 1
105 49 2
105 49 1
105 94 1
105 49 2
105 49 1
53 26 1
53 71 4
53 78 4
53 80 1
53 132 1
53 44 1
53 44 1
53 66 1
53 66 1
53 92 1
53 92 1
53 140 1
53 140 1
53 140 1
53 45 1
53 47 2
53 67 1
53 255 2
53 255 2
53 130 1
53 130 2
53 74 1
53 262 6
53 49 1
53 49 10
53 85 8
53 122 5
53 115 4
53 26 1
53 71 4
53 78 4
53 80 1
53 132 1
53 44 1
53 66 1
53 92 1
53 140 1
53 140 1
53 47 2
53 67 1
53 255 2
53 255 2
53 130 2
53 74 1
53 262 6
53 49 1
53 49 10
53 85 8
53 122 5
53 115 4
53 44 1
53 66 1
53 92 1
53 140 1
53 45 1
53 130 1
53 23 4
53 23 1
53 34 3
53 34 3
53 273 2
53 236 1
53 192 1
53 23 4
53 23 1
53 34 3
53 34 3
53 273 2
53 236 1
53 192 1
176 31 1
176 10 1
176 31 1
176 10 1
104 7 7
104 7 4
104 8 2
104 101 2
104 7 7
104 7 4
104 8 2
104 101 2
104 109 1
104 5 5
104 24 1
104 109 1
104 5 5
104 24 1
133 41 1
133 153 1
133 11 1
133 12 2
133 185 1
133 185 2
133 201 1
133 120 1
133 155 3
133 155 1
133 165 3
133 165 1
133 266 1
133 266 2
133 177 2
133 153 1
133 185 3
133 155 2
133 155 2
133 165 2
133 165 2
133 266 3
133 41 1
133 11 1
133 12 2
133 201 1
133 120 1
133 177 2
133 166 2
133 181 1
133 166 1
133 166 1
133 181 1
133 281 2
133 281 1
195 31 6
195 10 2
195 266 24
195 266 9
195 266 15
195 31 6
195 10 2
195 223 2
195 166 1
195 171 2
195 223 2
195 166 1
195 171 2
195 281 20
44 63 1
44 63 4
44 63 1
44 63 4
44 255 1
44 53 1
44 256 4
44 48 2
44 255 6
44 122 2
44 20 1
44 20 1
44 21 2
44 21 2
44 23 2
44 121 1
44 238 1
44 238 2
44 24 1
44 24 3
44 144 1
44 144 3
44 57 1
44 57 1
44 59 1
44 253 2
44 60 4
44 191 2
44 256 4
44 48 2
44 255 6
44 255 1
44 122 2
44 20 1
44 20 1
44 21 2
44 21 2
44 53 1
44 23 2
44 121 1
44 238 1
44 238 2
44 24 1
44 24 3
44 144 1
44 144 3
44 57 1
44 57 1
44 59 1
44 253 2
44 60 4
44 191 2
230 11 1
230 128 1
230 91 1
230 250 1
230 229 1
230 229 4
230 11 1
230 91 1
230 250 1
230 229 3
230 229 1
230 128 1
230 229 1
230 239 1
230 239 1
230 239 1
230 239 1
230 281 4
230 281 3
12 147 1
12 156 1
12 160 1
12 161 1
12 167 1
12 167 1
12 172 2
12 172 1
12 176 1
12 31 5
12 31 1
12 10 5
12 10 2
12 11 3
12 11 1
12 147 1
12 156 1
12 160 1
12 161 1
12 167 1
12 172 1
12 176 1
12 31 5
12 31 1
12 10 5
12 10 2
12 11 1
12 167 1
12 172 2
12 11 3
12 120 3
12 231 1
12 162 1
12 219 1
12 202 1
12 187 1
12 220 1
12 155 1
12 134 1
12 210 2
12 122 1
12 115 1
12 133 2
12 221 1
12 169 1
12 196 1
12 136 1
12 232 1
12 222 1
12 224 2
12 225 2
12 226 3
12 199 6
12 227 1
12 228 1
12 233 1
12 168 1
12 114 1
12 154 1
12 196 1
12 159 1
12 168 1
12 120 3
12 231 1
12 162 1
12 219 1
12 202 1
12 187 1
12 220 1
12 155 1
12 134 1
12 114 1
12 210 2
12 122 1
12 115 1
12 133 2
12 221 1
12 154 1
12 169 1
12 196 1
12 196 1
12 136 1
12 232 1
12 222 1
12 224 2
12 225 2
12 226 3
12 199 6
12 227 1
12 228 1
12 159 1
12 233 1
17 29 1
17 29 1
17 9 1
17 31 2
17 31 10
17 10 5
17 11 5
17 12 1
17 13 1
17 13 2
17 13 8
17 4 1
17 4 1
17 14 4
17 63 2
17 15 1
17 134 1
17 45 2
17 45 2
17 29 1
17 29 1
17 9 1
17 31 2
17 31 10
17 10 5
17 11 5
17 12 1
17 13 2
17 13 8
17 4 1
17 14 4
17 63 2
17 15 1
17 134 1
17 45 2
17 13 1
17 4 1
17 45 2
17 95 2
17 125 1
17 95 2
17 125 1
17 125 0
15 31 1
15 10 1
15 11 1
15 11 2
15 12 1
15 13 1
15 4 1
15 4 2
15 63 1
15 63 2
15 32 4
15 32 1
15 31 1
15 10 1
15 11 1
15 11 2
15 12 1
15 13 1
15 4 1
15 4 2
15 63 1
15 63 2
15 32 1
15 32 4
15 95 1
15 95 2
15 137 1
15 137 3
15 28 1
15 211 1
15 95 2
15 95 1
15 137 1
15 137 3
15 28 1
15 211 1
141 74 1
141 74 1
141 55 1
141 238 1
141 124 1
141 235 7
141 55 1
141 238 1
141 235 7
141 124 1
141 281 1
141 281 7
212 10 1
212 14 2
212 63 2
212 115 1
212 52 1
212 141 3
212 235 1
212 235 4
212 124 3
212 124 1
212 14 2
212 63 2
212 115 1
212 141 3
212 235 1
212 235 4
212 124 3
212 124 1
212 10 1
212 52 1
118 8 1
118 143 1
118 31 1
118 31 16
118 68 1
118 22 2
118 33 12
118 238 1
118 247 2
118 8 1
118 143 1
118 31 1
118 31 16
118 68 1
118 22 2
118 33 12
118 247 2
118 238 1
118 86 3
118 119 8
118 86 3
118 119 8
70 10 4
70 10 9
70 22 5
70 33 2
70 235 1
70 10 4
70 10 9
70 22 5
70 33 2
70 235 1
70 76 2
70 124 6
70 76 2
70 124 6
191 31 1
191 63 2
191 122 1
191 51 1
191 138 1
191 138 3
191 238 2
191 238 4
191 124 1
191 119 1
191 119 1
191 63 2
191 122 1
191 138 1
191 138 3
191 238 2
191 238 4
191 124 1
191 119 1
191 119 1
191 31 1
191 51 1
45 6 2
45 29 2
45 8 1
45 8 1
45 9 2
45 31 1
45 31 4
45 31 10
45 10 17
45 11 1
45 11 3
45 12 1
45 12 4
45 13 1
45 13 6
45 4 13
45 134 1
45 6 2
45 29 2
45 8 1
45 8 1
45 9 2
45 31 4
45 31 10
45 10 17
45 11 1
45 11 3
45 12 1
45 12 4
45 13 6
45 4 13
45 134 1
45 31 1
45 13 1
45 17 2
45 53 1
45 17 1
45 17 1
45 17 2
45 53 1
32 31 2
32 10 1
32 11 1
32 12 4
32 13 1
32 4 2
32 14 1
32 128 1
32 81 2
32 10 1
32 11 1
32 12 4
32 13 1
32 14 1
32 128 1
32 81 2
32 31 2
32 4 2
32 15 4
32 95 1
32 137 3
32 121 1
32 114 1
32 170 2
32 95 1
32 137 2
32 131 1
32 110 1
32 121 1
32 15 4
32 114 1
32 170 2
32 95 1
32 95 1
32 137 2
32 137 3
32 131 1
32 110 1
32 121 1
32 121 1
38 0 1
38 12 1
38 66 1
38 237 3
38 67 1
38 130 1
38 262 1
38 21 1
38 55 1
38 69 1
38 246 1
38 248 2
38 135 1
38 0 1
38 12 1
38 66 1
38 237 3
38 67 1
38 21 1
38 55 1
38 69 1
38 248 2
38 135 1
38 130 1
38 262 1
38 246 1
38 87 2
38 87 4
38 87 2
38 87 4
42 14 1
42 128 1
42 14 1
42 128 1
42 175 1
42 111 9
42 245 1
42 152 1
42 155 1
42 249 2
42 114 1
42 84 1
42 244 1
42 189 5
42 211 4
42 190 3
42 251 4
42 152 1
42 155 1
42 249 2
42 175 1
42 111 9
42 114 1
42 245 1
42 84 1
42 244 1
42 189 1
42 189 4
42 211 4
42 190 3
42 251 4
42 281 10
66 14 6
66 65 1
66 14 6
66 65 1
66 130 2
66 53 1
66 257 5
66 237 1
66 68 1
66 68 7
66 130 5
66 115 1
66 20 4
66 21 3
66 121 1
66 141 1
66 235 2
66 36 1
66 56 4
66 144 1
66 142 1
66 59 1
66 254 1
66 38 2
66 212 1
66 257 5
66 237 1
66 68 1
66 68 7
66 130 5
66 130 2
66 115 1
66 20 4
66 21 3
66 53 1
66 121 1
66 141 1
66 235 2
66 36 1
66 56 4
66 144 1
66 142 1
66 59 1
66 254 1
66 38 2
66 212 1
222 11 1
222 12 1
222 120 1
222 219 1
222 165 6
222 266 16
222 165 2
222 165 4
222 266 14
222 266 2
222 11 1
222 12 1
222 120 1
222 219 1
222 223 1
222 223 1
222 281 20
5 1 1
5 7 3
5 7 3
5 182 1
5 104 5
5 104 4
5 106 2
5 7 3
5 7 3
5 182 1
5 104 4
5 106 2
5 1 1
5 104 5
5 28 2
5 24 1
5 28 2
5 24 1
224 11 1
224 12 2
224 184 1
224 268 30
224 169 1
224 223 1
224 268 30
224 169 1
224 11 1
224 12 2
224 184 1
224 223 1
224 225 1
224 171 1
224 280 8
224 225 1
224 171 1
224 280 8
224 281 28
225 11 2
225 12 2
225 268 2
225 136 2
225 268 2
225 11 2
225 12 2
225 136 2
225 281 2
181 10 2
181 95 1
181 137 1
181 18 2
181 180 1
181 10 2
181 95 1
181 137 1
181 180 1
181 18 2
181 281 12
125 9 1
125 11 1
125 61 4
125 231 2
125 155 1
125 134 1
125 22 2
125 246 2
125 116 7
125 116 2
125 117 2
125 117 2
125 189 1
125 25 1
125 193 3
125 148 1
125 9 1
125 155 1
125 134 1
125 22 2
125 246 2
125 116 7
125 116 2
125 117 2
125 117 2
125 189 1
125 193 3
125 148 1
125 11 1
125 61 4
125 231 2
125 25 1
125 136 4
125 151 3
125 149 1
125 136 4
125 151 3
125 149 1
125 281 5
182 129 1
182 104 4
182 106 1
182 114 1
182 5 8
182 5 6
182 129 1
182 104 4
182 106 1
182 114 1
182 5 8
182 5 6
232 12 1
232 120 1
232 165 37
232 154 1
232 164 1
232 136 1
232 165 6
232 165 31
232 154 1
232 12 1
232 120 1
232 164 1
232 136 1
232 281 35
126 64 1
126 19 1
126 4 1
126 14 1
126 43 5
126 43 1
126 44 3
126 92 2
126 95 2
126 95 2
126 137 1
126 137 1
126 138 1
126 24 1
126 123 1
126 4 1
126 14 1
126 64 1
126 43 5
126 43 1
126 44 3
126 92 2
126 95 2
126 95 2
126 137 1
126 137 1
126 19 1
126 138 1
126 24 1
126 123 1
83 26 1
83 26 3
83 78 1
83 78 3
83 108 1
83 27 2
83 80 1
83 12 2
83 73 1
83 26 1
83 26 3
83 78 1
83 78 3
83 108 1
83 27 2
83 12 2
83 80 1
83 73 1
83 20 1
83 36 1
83 85 1
83 75 2
83 86 1
83 85 1
83 20 1
83 75 2
83 36 1
83 86 1
47 6 2
47 14 1
47 46 1
47 6 2
47 14 1
47 46 1
47 24 1
47 255 2
47 255 3
47 74 2
47 74 6
47 20 1
47 53 7
47 55 1
47 55 2
47 69 1
47 273 2
47 236 2
47 146 2
47 255 2
47 255 3
47 74 2
47 74 6
47 20 1
47 53 7
47 55 1
47 55 2
47 69 1
47 273 2
47 236 2
47 24 1
47 146 2
144 273 1
144 24 1
144 36 1
144 273 1
144 24 1
144 36 1
144 281 5
144 281 2
73 2 1
73 2 8
73 9 1
73 71 3
73 71 6
73 72 1
73 11 1
73 2 1
73 2 8
73 9 1
73 71 3
73 71 6
73 11 1
73 72 1
73 83 1
73 24 1
73 49 1
73 49 2
73 135 1
73 83 1
73 49 1
73 49 2
73 24 1
73 135 1
67 29 1
67 29 1
67 237 1
67 263 1
67 29 1
67 29 1
67 237 1
67 263 1
67 36 1
67 87 1
67 68 1
67 68 1
67 130 2
67 262 2
67 262 5
67 53 6
67 55 1
67 55 1
67 274 2
67 236 1
67 38 1
67 68 1
67 68 1
67 130 2
67 262 2
67 262 5
67 53 6
67 55 1
67 55 1
67 274 2
67 236 1
67 36 1
67 38 1
67 87 1
139 64 1
139 65 5
139 66 1
139 140 1
139 137 3
139 141 1
139 142 1
139 64 1
139 65 5
139 66 1
139 140 1
139 137 3
139 141 1
139 142 1
129 182 1
129 182 1
129 109 1
129 109 3
129 114 1
129 28 9
129 28 4
129 109 1
129 109 3
129 114 1
129 28 9
129 28 4
209 31 6
209 10 9
209 134 2
209 134 1
209 95 2
209 95 11
209 137 10
209 208 1
209 31 6
209 10 9
209 134 2
209 134 1
209 95 2
209 95 11
209 137 10
209 208 1
209 196 1
209 196 1
208 31 6
208 10 6
208 270 1
208 95 1
208 137 6
208 31 6
208 10 6
208 270 1
208 95 1
208 137 6
208 233 1
208 233 1
28 0 1
28 30 3
28 30 4
28 90 1
28 109 4
28 109 4
28 11 1
28 127 1
28 128 1
28 42 1
28 82 2
28 155 1
28 111 1
28 114 1
28 210 1
28 5 2
28 30 3
28 30 4
28 90 1
28 109 4
28 11 1
28 128 1
28 42 1
28 82 2
28 155 1
28 111 1
28 114 1
28 0 1
28 109 4
28 127 1
28 210 1
28 5 2
28 112 1
28 110 1
28 151 1
28 112 1
28 110 1
28 151 1
46 63 2
46 256 1
46 256 1
46 63 2
46 256 1
46 256 1
46 259 1
46 141 5
46 55 1
46 69 3
46 238 4
46 235 2
46 273 1
46 259 1
46 141 5
46 55 1
46 69 3
46 238 4
46 235 2
46 273 1
46 281 1
46 281 12
74 89 1
74 92 1
74 259 1
74 259 1
74 252 1
74 259 1
74 259 1
74 252 1
74 89 1
74 92 1
74 122 1
74 51 1
74 141 1
74 60 1
74 20 1
74 53 1
74 23 1
74 235 1
74 235 3
74 277 3
74 122 1
74 20 1
74 51 1
74 53 1
74 23 1
74 141 1
74 235 1
74 235 3
74 277 3
74 60 1
87 80 1
87 80 3
87 11 1
87 12 2
87 63 2
87 67 1
87 262 1
87 85 3
87 52 2
87 34 3
87 69 1
87 36 1
87 36 1
87 248 1
87 80 1
87 80 3
87 11 1
87 12 2
87 63 2
87 262 1
87 85 3
87 52 2
87 34 3
87 69 1
87 36 1
87 248 1
87 67 1
87 36 1
25 49 7
25 85 5
25 122 2
25 35 2
25 35 1
25 141 1
25 141 1
25 235 1
25 124 2
25 37 1
25 49 7
25 85 5
25 35 1
25 141 1
25 141 1
25 124 2
25 122 2
25 35 2
25 235 1
25 37 1
25 125 1
25 125 1
25 281 3
25 281 1
199 31 5
199 10 4
199 11 1
199 12 6
199 270 8
199 175 1
199 95 2
199 169 3
199 196 4
199 226 3
199 226 1
199 270 5
199 270 3
199 226 1
199 31 5
199 10 4
199 11 1
199 12 6
199 175 1
199 95 2
199 169 3
199 196 4
199 226 3
199 233 4
199 233 1
199 233 5
199 281 24
37 19 1
37 49 3
37 85 8
37 115 2
37 121 1
37 54 1
37 54 1
37 138 1
37 238 1
37 119 4
37 19 1
37 49 3
37 85 8
37 54 1
37 138 1
37 119 4
37 115 2
37 121 1
37 54 1
37 238 1
37 25 1
37 25 1
37 281 3
146 3 1
146 72 1
146 72 4
146 11 1
146 14 3
146 14 1
146 15 1
146 49 1
146 49 7
146 20 1
146 51 2
146 51 1
146 24 1
146 24 2
146 3 1
146 72 1
146 72 4
146 11 1
146 14 3
146 14 1
146 15 1
146 49 1
146 49 7
146 20 1
146 51 2
146 51 1
146 24 2
146 24 1
79 26 1
79 7 3
79 8 1
79 8 6
79 9 2
79 9 2
79 99 8
79 99 5
79 77 5
79 77 1
79 26 1
79 7 3
79 8 1
79 8 6
79 9 2
79 9 2
79 99 8
79 99 5
79 77 5
79 77 1
79 105 4
79 94 1
79 85 1
79 105 4
79 94 1
79 85 1
65 29 1
65 139 1
65 31 3
65 81 1
65 32 2
65 29 1
65 139 1
65 31 3
65 81 1
65 32 2
65 114 1
65 114 3
65 95 1
65 95 1
65 210 2
65 210 2
65 131 1
65 123 1
65 254 1
65 114 1
65 114 3
65 95 1
65 95 1
65 210 2
65 210 2
65 131 1
65 123 1
65 254 1
197 31 1
197 10 1
197 31 1
197 10 1
198 31 1
198 10 7
198 249 10
198 131 2
198 249 10
198 131 2
198 31 1
198 10 7
198 227 1
198 251 1
198 251 3
198 227 1
198 251 4
198 281 18
180 178 2
180 10 1
180 200 3
180 201 5
180 220 4
180 249 2
180 188 2
180 206 1
180 243 1
180 95 2
180 137 3
180 198 1
180 178 2
180 200 3
180 201 1
180 201 4
180 220 4
180 249 2
180 188 2
180 95 2
180 137 3
180 198 1
180 10 1
180 206 1
180 243 1
180 228 1
180 251 3
180 181 2
180 181 9
180 228 1
180 251 3
180 181 11
180 281 14
143 59 1
143 118 3
143 59 2
143 37 1
143 118 3
143 59 2
143 59 1
143 37 1
271 216 1
271 216 1
271 233 5
271 233 5
271 281 28
213 10 1
213 12 1
213 63 5
213 259 1
213 49 1
213 122 2
213 51 1
213 53 1
213 121 1
213 141 4
213 235 2
213 276 1
213 25 1
213 25 3
213 12 1
213 63 5
213 259 1
213 49 1
213 122 2
213 53 1
213 121 1
213 141 4
213 235 2
213 276 1
213 25 1
213 25 3
213 10 1
213 51 1
228 11 2
228 12 1
228 249 7
228 137 1
228 180 1
228 180 1
228 249 1
228 249 6
228 137 1
228 180 1
228 11 2
228 12 1
228 180 1
228 281 14
227 11 2
227 12 1
227 61 1
227 249 9
227 95 1
227 112 1
227 249 9
227 112 1
227 11 2
227 12 1
227 61 1
227 95 1
227 218 1
227 251 2
227 218 1
227 251 2
227 281 20
0 1 1
0 1 1
0 26 1
0 27 1
0 13 2
0 28 1
0 8 1
0 9 1
0 31 1
0 11 1
0 11 1
0 12 5
0 14 1
0 32 1
0 32 2
0 20 1
0 33 5
0 34 1
0 35 1
0 37 2
0 26 1
0 8 1
0 9 1
0 27 1
0 31 1
0 11 1
0 11 1
0 12 5
0 13 2
0 14 1
0 32 1
0 32 2
0 28 1
0 20 1
0 33 5
0 34 1
0 35 1
0 37 2
20 0 1
20 3 2
20 31 5
20 10 6
20 61 1
20 40 1
20 40 1
20 83 1
20 0 1
20 31 5
20 10 6
20 40 1
20 3 2
20 61 1
20 40 1
20 83 1
20 22 1
20 33 1
20 33 2
20 35 1
20 247 1
20 135 2
20 124 3
20 119 3
20 25 1
20 22 1
20 33 1
20 33 2
20 35 1
20 247 1
20 135 2
20 124 3
20 119 3
20 25 1
99 77 1
99 22 1
99 71 3
99 71 10
99 16 3
99 105 1
99 94 1
99 114 1
99 49 1
99 49 6
99 122 4
99 77 1
99 71 3
99 71 10
99 16 3
99 105 1
99 94 1
99 114 1
99 49 1
99 49 6
99 122 4
99 22 1
215 61 1
215 61 5
215 134 16
215 134 8
215 61 1
215 61 5
215 134 16
215 134 8
215 216 3
215 137 1
215 245 1
215 216 1
215 245 2
215 19 2
215 196 1
215 218 1
215 216 1
215 216 3
215 137 1
215 245 2
215 245 1
215 19 2
215 196 1
215 218 1
226 11 7
226 12 3
226 270 30
226 169 3
226 196 1
226 196 9
226 270 23
226 270 7
226 196 5
226 196 4
226 11 7
226 12 3
226 169 3
226 196 1
226 199 3
226 199 1
226 199 2
226 271 5
226 271 5
226 233 1
226 199 3
226 199 3
226 271 10
226 233 1
226 281 32
119 49 2
119 85 1
119 115 1
119 121 1
119 138 1
119 49 2
119 85 1
119 115 1
119 121 1
119 138 1
119 151 1
119 151 1
119 281 3
1 0 1
1 2 1
1 3 1
1 4 2
1 5 1
1 8 1
1 9 2
1 10 2
1 11 4
1 12 2
1 12 5
1 13 1
1 14 1
1 15 5
1 17 1
1 20 1
1 20 1
1 21 1
1 22 3
1 23 1
1 25 2
1 0 1
1 2 1
1 8 1
1 9 2
1 3 1
1 10 2
1 11 4
1 12 2
1 12 5
1 13 1
1 4 2
1 14 1
1 15 5
1 17 1
1 5 1
1 20 1
1 20 1
1 21 1
1 22 3
1 23 1
1 25 2
263 237 1
263 237 1
263 259 1
263 237 1
263 237 1
263 259 1
263 67 1
263 264 1
263 34 1
263 34 5
263 138 10
263 273 1
263 67 1
263 264 1
263 34 1
263 34 5
263 138 10
263 273 1
263 281 1
263 281 9
279 117 4
279 86 2
279 86 4
279 117 4
279 86 2
279 86 4
168 167 2
168 31 1
168 10 5
168 167 2
168 31 1
168 10 5
168 154 1
168 157 2
168 219 1
168 166 1
168 171 4
168 171 12
168 219 1
168 154 1
168 157 2
168 166 1
168 171 16
168 281 17
246 61 4
246 40 4
246 112 1
246 52 1
246 69 3
246 61 4
246 40 4
246 112 1
246 52 1
246 69 3
246 38 1
246 36 1
246 36 1
246 38 1
246 281 2
246 281 1
189 31 4
189 31 4
189 194 3
189 148 2
189 154 1
189 194 1
189 194 1
189 194 3
189 148 2
189 154 1
62 29 1
62 29 1
62 144 1
62 70 2
62 135 2
62 119 1
62 37 1
62 144 1
62 70 2
62 135 2
62 119 1
62 37 1
72 98 1
72 98 1
72 80 1
72 73 1
72 31 1
72 31 2
72 4 1
72 14 3
72 49 5
72 122 2
72 122 7
72 80 1
72 31 1
72 31 2
72 4 1
72 14 3
72 73 1
72 49 5
72 122 2
72 122 7
33 0 1
33 8 1
33 8 4
33 77 1
33 31 3
33 31 2
33 10 1
33 11 2
33 12 1
33 12 4
33 14 3
33 63 2
33 32 1
33 61 1
33 115 1
33 0 1
33 8 4
33 31 2
33 11 2
33 12 1
33 12 4
33 32 1
33 61 1
33 115 1
33 8 1
33 77 1
33 31 3
33 10 1
33 14 3
33 63 2
33 121 1
33 121 1
33 55 2
33 55 1
33 69 1
33 246 1
33 247 1
33 118 1
33 118 2
33 70 3
33 124 2
33 119 4
33 121 1
33 121 1
33 55 2
33 55 1
33 69 1
33 246 1
33 247 1
33 118 1
33 118 2
33 70 3
33 124 2
33 119 4
33 281 3
33 281 1
273 236 1
273 236 1
273 281 15
30 0 1
30 26 1
30 88 2
30 7 1
30 0 1
30 88 2
30 26 1
30 7 1
30 103 2
30 82 1
30 9 6
30 9 8
30 78 1
30 90 1
30 108 1
30 108 1
30 82 1
30 105 1
30 94 1
30 94 2
30 110 2
30 9 6
30 9 8
30 78 1
30 90 1
30 108 1
30 108 1
30 103 2
30 82 1
30 82 1
30 105 1
30 94 1
30 94 2
30 110 2
236 14 1
236 63 1
236 256 1
236 257 1
236 275 2
236 274 1
236 273 1
236 14 1
236 63 1
236 256 1
236 257 1
236 275 2
236 274 1
236 273 1
236 119 1
236 119 1
236 281 5
201 200 1
201 200 1
201 179 1
201 206 1
201 133 1
201 249 1
201 181 1
201 249 1
201 179 1
201 206 1
201 133 1
201 181 1
201 281 1
124 49 1
124 85 1
124 85 1
124 122 1
124 115 1
124 121 1
124 141 1
124 49 1
124 85 1
124 85 1
124 122 1
124 115 1
124 121 1
124 141 1
124 25 2
124 25 2
124 281 4
124 281 1
274 51 1
274 51 1
274 236 1
274 236 1
274 281 12
7 1 1
7 1 1
7 30 1
7 100 2
7 16 1
7 8 3
7 8 7
7 101 2
7 71 1
7 90 1
7 90 2
7 102 1
7 3 1
7 104 2
7 104 1
7 94 1
7 106 1
7 50 1
7 24 1
7 30 1
7 8 3
7 8 7
7 101 2
7 71 1
7 90 1
7 90 2
7 102 1
7 3 1
7 100 2
7 104 2
7 104 1
7 16 1
7 94 1
7 106 1
7 50 1
7 24 1
196 31 1
196 12 1
196 268 3
196 270 15
196 175 1
196 111 1
196 137 1
196 112 1
196 268 3
196 270 15
196 112 1
196 31 1
196 12 1
196 175 1
196 111 1
196 137 1
196 226 1
196 199 4
196 280 1
196 226 4
196 226 2
196 271 9
196 271 1
196 226 6
196 226 1
196 199 4
196 280 1
196 271 10
196 281 20
169 167 1
169 31 10
169 10 4
169 12 1
169 268 21
169 216 1
169 137 2
169 268 5
169 268 16
169 167 1
169 31 10
169 10 4
169 12 1
169 216 1
169 137 2
169 169 1
169 169 1
169 226 3
169 199 3
169 269 1
169 196 1
169 224 1
169 226 1
169 280 5
169 269 3
169 269 2
169 196 1
169 224 1
169 226 1
169 226 3
169 199 3
169 280 5
169 269 5
169 269 1
169 281 23
22 9 1
22 99 1
22 31 1
22 10 2
22 11 2
22 12 3
22 14 2
22 63 3
22 122 1
22 31 1
22 11 2
22 12 3
22 122 1
22 9 1
22 99 1
22 10 2
22 14 2
22 63 3
22 121 1
22 55 1
22 69 1
22 247 1
22 117 1
22 118 3
22 70 2
22 119 1
22 119 4
22 37 1
22 121 1
22 55 1
22 69 1
22 247 1
22 117 1
22 118 3
22 70 2
22 119 1
22 119 4
22 37 1
22 281 3
22 281 1
188 31 1
188 31 5
188 10 1
188 10 5
188 13 4
188 4 2
188 32 1
188 31 5
188 10 1
188 10 5
188 13 4
188 4 2
188 32 1
188 31 1
188 272 1
188 19 1
188 204 1
188 210 1
188 244 1
188 204 1
188 272 1
188 210 1
188 19 1
188 244 1
157 156 2
157 31 5
157 10 3
157 168 2
157 165 5
157 266 13
157 165 5
157 266 1
157 266 12
157 156 2
157 31 5
157 10 3
157 168 2
157 166 2
157 166 2
157 281 19
154 153 2
154 31 1
154 10 3
154 13 1
154 168 1
154 165 21
154 189 1
154 13 1
154 165 21
154 153 2
154 31 1
154 10 3
154 168 1
154 189 1
154 232 1
154 232 1
154 163 3
154 232 2
154 163 3
154 281 25
148 147 1
148 31 1
148 10 2
148 155 18
148 165 11
148 189 2
148 155 1
148 155 17
148 165 11
148 147 1
148 31 1
148 10 2
148 189 2
148 154 1
148 149 3
148 159 3
148 154 1
148 149 3
148 159 3
148 281 29
194 31 4
194 31 1
194 155 13
194 189 3
194 31 1
194 155 13
194 31 4
194 189 3
194 151 1
194 149 3
194 148 1
194 148 1
194 125 2
194 151 2
194 149 8
194 148 2
194 125 2
194 151 2
194 151 1
194 149 8
194 149 3
194 281 19
193 31 3
193 152 2
193 155 9
193 155 9
193 31 3
193 152 2
193 151 2
193 151 2
193 281 11
80 39 1
80 77 1
80 72 1
80 77 1
80 39 1
80 72 1
80 83 1
80 10 1
80 63 1
80 63 3
80 85 1
80 85 5
80 115 4
80 115 9
80 87 1
80 10 1
80 63 1
80 63 3
80 83 1
80 85 1
80 85 5
80 115 4
80 115 9
80 87 1
131 31 2
131 31 2
131 11 1
131 12 2
131 4 1
131 14 2
131 14 1
131 32 4
131 15 1
131 42 2
131 43 1
131 65 2
131 65 2
131 266 1
131 114 1
131 114 1
131 207 2
131 95 1
131 210 1
131 31 2
131 31 2
131 11 1
131 12 2
131 4 1
131 14 2
131 14 1
131 32 4
131 15 1
131 42 2
131 43 1
131 65 2
131 65 2
131 266 1
131 114 1
131 207 2
131 95 1
131 210 1
131 114 1
131 112 2
131 244 2
131 267 1
131 267 1
131 229 1
131 171 1
131 280 1
131 251 1
131 112 2
131 244 2
131 267 1
131 267 1
131 229 1
131 171 1
131 280 1
131 251 1
131 281 2
131 281 1
272 106 1
272 188 1
272 206 1
272 106 1
272 188 1
272 206 1
272 95 1
272 95 1
98 97 3
98 97 1
98 96 1
98 7 2
98 8 2
98 39 2
98 97 3
98 97 1
98 96 1
98 7 2
98 8 2
98 39 2
98 102 1
98 72 1
98 79 1
98 90 1
98 90 1
98 80 1
98 132 3
98 122 2
98 133 1
98 79 1
98 90 1
98 90 1
98 102 1
98 72 1
98 80 1
98 132 3
98 122 2
98 133 1
244 32 1
244 137 2
244 112 2
244 32 1
244 112 2
244 217 1
244 137 2
244 180 1
244 217 1
244 180 1
221 11 1
221 12 1
221 122 1
221 93 1
221 277 1
221 11 1
221 12 1
221 122 1
221 93 1
221 277 1
117 9 1
117 10 3
117 48 1
117 22 1
117 22 3
117 33 2
117 33 3
117 138 1
117 246 1
117 24 1
117 9 1
117 10 3
117 48 1
117 22 1
117 22 3
117 33 2
117 33 3
117 246 1
117 24 1
117 138 1
142 122 1
142 122 1
81 26 3
81 11 1
81 12 1
81 13 1
81 127 2
81 127 1
81 128 2
81 128 3
81 26 3
81 11 1
81 12 1
81 13 1
81 127 1
81 128 3
81 127 2
81 128 2
81 91 1
81 205 1
81 91 1
81 32 2
81 32 1
81 83 1
81 84 2
81 5 1
81 28 2
81 33 1
81 75 3
81 59 1
81 86 2
81 151 1
81 91 1
81 91 1
81 32 2
81 32 1
81 83 1
81 205 1
81 84 2
81 5 1
81 28 2
81 33 1
81 75 3
81 59 1
81 86 2
81 151 1
26 0 1
26 0 1
26 0 1
26 0 1
26 30 1
26 77 1
26 78 3
26 78 5
26 27 1
26 80 4
26 83 1
26 84 1
26 85 1
26 85 15
26 52 1
26 52 2
26 75 3
26 59 1
26 86 2
26 87 1
26 30 1
26 77 1
26 78 3
26 78 5
26 27 1
26 80 4
26 83 1
26 84 1
26 85 1
26 85 15
26 52 1
26 52 2
26 75 3
26 59 1
26 86 2
26 87 1
234 4 1
234 127 3
234 214 1
234 214 4
234 81 1
234 91 1
234 134 2
234 4 1
234 127 3
234 214 1
234 214 4
234 81 1
234 91 1
234 134 2
234 242 2
234 242 5
234 204 5
234 205 5
234 5 2
234 242 5
234 242 2
234 204 5
234 205 5
234 5 2
64 29 1
64 29 1
64 126 1
64 139 1
64 11 6
64 12 2
64 12 4
64 13 2
64 15 1
64 29 1
64 29 1
64 11 6
64 12 2
64 12 4
64 15 1
64 126 1
64 139 1
64 13 2
64 43 2
64 43 1
64 65 2
64 65 2
64 150 1
64 95 4
64 137 1
64 137 4
64 210 1
64 19 3
64 133 1
64 221 1
64 193 2
64 43 2
64 43 1
64 65 2
64 65 2
64 150 1
64 95 4
64 137 1
64 137 4
64 210 1
64 19 3
64 133 1
64 221 1
64 193 2
91 89 1
91 88 2
91 145 2
91 11 2
91 12 1
91 4 1
91 127 3
91 127 2
91 128 1
91 128 1
91 81 1
91 81 1
91 89 1
91 88 2
91 145 2
91 11 2
91 12 1
91 4 1
91 127 2
91 128 1
91 81 1
91 127 3
91 128 1
91 81 1
91 15 4
91 210 1
91 18 3
91 51 1
91 75 1
91 75 3
91 135 1
91 76 1
91 15 4
91 210 1
91 18 3
91 51 1
91 75 1
91 75 3
91 135 1
91 76 1
116 8 1
116 31 6
116 22 1
116 22 2
116 33 1
116 33 5
116 36 1
116 8 1
116 31 6
116 22 1
116 22 2
116 33 1
116 33 5
116 36 1
116 135 1
116 135 1
267 219 1
267 155 6
267 165 4
267 266 9
267 111 1
267 137 1
267 28 1
267 112 2
267 250 6
267 250 4
267 219 1
267 155 2
267 155 4
267 165 4
267 266 5
267 266 4
267 111 1
267 137 1
267 28 1
267 112 2
267 250 4
267 250 6
267 229 2
267 229 4
267 151 2
267 149 1
267 149 1
267 163 1
267 163 4
267 166 5
267 171 1
267 229 4
267 229 2
267 151 2
267 149 2
267 163 5
267 166 5
267 171 1
267 281 9
267 281 1
39 6 1
39 96 2
39 96 3
39 96 2
39 96 3
39 6 1
39 98 2
39 108 1
39 80 1
39 79 1
39 79 2
39 108 1
39 80 1
39 113 3
39 122 1
39 115 2
39 98 2
39 79 1
39 79 2
39 108 1
39 108 1
39 80 1
39 80 1
39 113 3
39 122 1
39 115 2
162 160 1
162 161 1
162 11 1
162 12 1
162 184 1
162 231 6
162 160 1
162 161 1
162 11 1
162 12 1
162 184 1
162 231 6
162 219 1
162 165 4
162 266 10
162 163 9
162 166 3
162 166 23
162 171 1
162 171 6
162 219 1
162 165 4
162 266 10
162 163 9
162 166 26
162 171 7
162 281 25
120 9 1
120 147 1
120 153 1
120 156 1
120 12 3
120 147 1
120 153 1
120 156 1
120 9 1
120 12 3
120 231 1
120 219 1
120 134 1
120 133 1
120 121 1
120 232 1
120 222 1
120 155 4
120 155 6
120 151 11
120 151 10
120 149 7
120 149 8
120 159 1
120 231 1
120 219 1
120 155 10
120 134 1
120 133 1
120 121 1
120 232 1
120 222 1
120 151 21
120 149 15
120 159 1
120 281 3
187 31 3
187 11 2
187 12 1
187 31 3
187 11 2
187 12 1
170 167 1
170 31 1
170 31 3
170 10 1
170 13 1
170 4 4
170 134 5
170 114 1
170 203 1
170 215 2
170 216 3
170 167 1
170 31 1
170 31 3
170 10 1
170 13 1
170 4 4
170 134 5
170 114 1
170 215 2
170 216 3
170 203 1
170 137 1
170 19 2
170 95 2
170 95 2
170 137 1
170 19 2
219 11 1
219 12 1
219 120 1
219 162 1
219 11 1
219 12 1
219 120 1
219 162 1
219 136 1
219 222 1
219 266 3
219 171 7
219 171 6
219 266 3
219 136 1
219 222 1
219 171 13
219 281 6
202 10 2
202 11 1
202 12 1
202 10 2
202 11 1
202 12 1
277 122 1
277 122 1
277 221 1
277 221 1
58 101 1
58 115 1
58 101 1
58 115 1
58 276 1
58 276 1
115 8 1
115 8 1
115 78 1
115 10 2
115 11 1
115 12 1
115 14 2
115 14 1
115 63 1
115 63 1
115 113 1
115 113 1
115 130 2
115 262 1
115 112 1
115 85 2
115 122 3
115 8 1
115 8 1
115 78 1
115 10 2
115 14 2
115 14 1
115 63 1
115 63 1
115 113 1
115 113 1
115 85 2
115 11 1
115 12 1
115 130 2
115 262 1
115 112 1
115 122 3
115 115 1
115 115 1
115 52 1
115 57 1
115 248 1
115 58 1
115 276 1
115 59 1
115 124 1
115 119 1
115 37 2
115 52 1
115 53 1
115 124 1
115 52 1
115 52 1
115 53 1
115 57 1
115 248 1
115 58 1
115 276 1
115 59 1
115 124 1
115 124 1
115 119 1
115 37 2
48 63 3
48 63 18
48 44 3
48 92 4
48 256 1
48 259 2
48 63 3
48 63 18
48 44 3
48 92 4
48 259 2
48 256 1
48 68 2
48 51 1
48 122 8
48 141 7
48 55 2
48 238 1
48 274 2
48 124 2
48 124 1
48 119 3
48 119 1
48 25 4
48 191 1
48 68 2
48 122 8
48 51 1
48 141 7
48 55 2
48 238 1
48 274 2
48 124 2
48 124 1
48 119 3
48 119 1
48 25 4
48 191 1
54 8 1
54 49 1
54 85 1
54 49 1
54 85 1
54 8 1
54 35 2
54 93 2
54 37 1
54 55 2
54 117 3
54 248 2
54 119 1
54 35 2
54 55 2
54 117 3
54 93 2
54 248 2
54 119 1
54 37 1
54 281 4
237 14 1
237 63 1
237 257 1
237 257 1
237 14 1
237 63 1
237 257 1
237 257 1
237 263 1
237 141 3
237 138 2
237 55 1
237 55 3
237 69 2
237 238 1
237 235 4
237 274 2
237 56 1
237 87 2
237 263 1
237 141 3
237 138 2
237 55 1
237 55 3
237 69 2
237 238 1
237 235 4
237 274 2
237 56 1
237 87 2
237 281 1
237 281 12
259 46 1
259 46 1
259 46 1
259 46 1
259 263 1
259 275 1
259 23 4
259 141 5
259 213 1
259 263 1
259 23 4
259 141 5
259 275 1
259 213 1
259 281 3
259 281 6
134 71 3
134 145 1
134 145 3
134 72 1
134 80 1
134 31 3
134 10 1
134 11 1
134 11 1
134 12 1
134 14 3
134 14 6
134 63 2
134 63 3
134 120 1
134 231 1
134 162 2
134 219 1
134 202 1
134 187 2
134 220 1
134 220 1
134 71 3
134 145 1
134 145 3
134 72 1
134 80 1
134 31 3
134 10 1
134 11 1
134 14 3
134 14 6
134 63 2
134 63 3
134 231 1
134 162 2
134 219 1
134 202 1
134 187 2
134 220 1
134 220 1
134 11 1
134 12 1
134 120 1
134 95 1
134 19 2
134 215 1
134 215 2
134 95 3
134 137 1
134 19 1
134 19 2
134 49 1
134 85 1
134 85 1
134 33 1
134 75 3
134 117 1
134 118 1
134 70 1
134 189 1
134 135 3
134 59 2
134 76 3
134 86 2
134 194 1
134 180 1
134 125 1
134 228 2
134 215 1
134 215 2
134 95 3
134 95 1
134 137 1
134 19 1
134 19 2
134 19 2
134 49 1
134 85 1
134 85 1
134 33 1
134 75 3
134 117 1
134 118 1
134 70 1
134 189 1
134 135 3
134 59 2
134 76 3
134 86 2
134 194 1
134 180 1
134 125 1
134 228 2
59 143 1
59 31 1
59 61 1
59 40 2
59 115 1
59 275 4
59 118 3
59 31 1
59 275 4
59 118 3
59 143 1
59 61 1
59 40 2
59 115 1
59 281 3
59 281 7
111 8 1
111 8 1
111 9 2
111 9 3
111 31 5
111 10 7
111 11 1
111 61 2
111 40 1
111 42 9
111 8 1
111 9 3
111 31 5
111 10 7
111 11 1
111 61 2
111 40 1
111 8 1
111 9 2
111 42 9
111 18 2
111 84 13
111 196 1
111 151 5
111 233 4
111 112 1
111 122 1
111 115 1
111 51 1
111 51 4
111 52 5
111 246 2
111 247 4
111 18 2
111 84 13
111 112 1
111 122 1
111 115 1
111 51 1
111 51 4
111 52 5
111 246 2
111 247 4
111 196 1
111 151 5
111 233 4
175 174 7
175 42 1
175 42 2
175 42 3
175 200 2
175 200 2
175 249 3
175 42 2
175 42 3
175 200 2
175 200 2
175 249 3
175 174 7
175 42 1
175 196 1
175 199 1
175 111 3
175 179 1
175 206 1
175 18 1
175 18 1
175 111 3
175 179 1
175 206 1
175 18 1
175 18 1
175 196 1
175 199 1
175 281 1
175 281 4
149 147 1
149 155 2
149 155 1
149 194 3
149 194 6
149 136 3
149 151 7
149 155 1
149 194 6
149 136 3
149 147 1
149 155 2
149 194 3
149 151 7
149 159 2
149 159 2
149 281 22
164 161 1
164 31 2
164 10 4
164 266 3
164 268 12
164 266 3
164 268 12
164 161 1
164 31 2
164 10 4
164 232 1
164 280 9
164 232 1
164 280 9
164 281 27
135 10 1
135 61 1
135 40 1
135 122 1
135 275 3
135 116 1
135 70 1
135 70 1
135 10 1
135 275 3
135 70 1
135 70 1
135 61 1
135 40 1
135 122 1
135 116 1
135 281 3
135 281 5
171 31 1
171 195 1
171 223 2
171 166 2
171 31 1
171 195 1
171 223 2
171 166 2
171 280 1
171 280 1
171 281 27
280 196 1
280 171 1
280 196 1
280 171 1
280 281 24
163 165 2
163 84 1
163 159 1
163 165 2
163 84 1
163 159 1
163 166 1
163 166 1
163 281 25
35 9 1
35 49 2
35 85 1
35 85 1
35 54 2
35 49 2
35 85 1
35 85 1
35 9 1
35 54 2
35 93 2
35 141 1
35 25 2
35 69 1
35 235 1
35 236 1
35 116 2
35 260 2
35 124 2
35 25 2
35 141 1
35 69 1
35 235 1
35 236 1
35 116 2
35 93 2
35 260 2
35 124 2
35 25 2
35 25 2
35 281 3
35 281 2
269 268 1
269 268 1
269 169 1
269 169 4
269 268 1
269 169 1
269 169 3
269 268 1
269 169 1
269 281 25
68 14 1
68 14 15
68 66 1
68 66 1
68 140 6
68 257 1
68 257 2
68 263 1
68 67 1
68 48 2
68 14 1
68 14 15
68 66 1
68 66 1
68 140 6
68 257 2
68 263 1
68 67 1
68 257 1
68 48 2
68 52 1
68 115 2
68 115 8
68 138 10
68 55 3
68 235 3
68 273 2
68 119 1
68 37 4
68 25 3
68 115 2
68 115 8
68 52 1
68 138 10
68 55 3
68 235 3
68 273 2
68 119 1
68 37 4
68 25 3
257 256 1
257 256 1
257 237 1
257 68 1
257 236 1
257 34 5
257 235 5
257 237 1
257 68 1
257 34 5
257 235 5
257 236 1
257 281 1
257 281 6
130 66 2
130 66 2
130 115 2
130 52 1
130 53 1
130 235 1
130 38 1
130 20 1
130 21 1
130 141 1
130 141 2
130 144 1
130 276 2
130 115 2
130 20 1
130 21 1
130 52 1
130 53 1
130 141 1
130 141 2
130 235 1
130 144 1
130 276 2
130 38 1
268 266 1
268 266 1
268 229 1
268 269 1
268 229 1
268 269 1
19 1 1
19 126 1
19 167 1
19 11 4
19 12 4
19 32 1
19 32 2
19 15 2
19 61 1
19 201 1
19 231 1
19 162 1
19 134 2
19 134 1
19 256 1
19 257 1
19 259 1
19 263 1
19 188 1
19 203 1
19 215 1
19 216 1
19 170 2
19 137 1
19 1 1
19 167 1
19 11 4
19 12 4
19 32 1
19 32 2
19 15 2
19 61 1
19 201 1
19 231 1
19 162 1
19 134 1
19 256 1
19 257 1
19 259 1
19 263 1
19 215 1
19 216 1
19 137 1
19 126 1
19 134 2
19 188 1
19 203 1
19 170 2
19 23 3
19 34 3
19 189 1
19 253 1
19 23 3
19 34 3
19 189 1
19 253 1
112 8 1
112 8 2
112 9 1
112 9 4
112 61 2
112 61 2
112 61 5
112 40 7
112 42 2
112 111 2
112 18 1
112 8 2
112 9 4
112 61 2
112 61 5
112 40 7
112 42 2
112 111 2
112 8 1
112 9 1
112 61 2
112 18 1
112 122 1
112 115 1
112 51 2
112 52 3
112 53 1
112 236 1
112 246 2
112 247 1
112 247 2
112 59 1
112 122 1
112 115 1
112 51 2
112 52 3
112 53 1
112 236 1
112 246 2
112 247 1
112 247 2
112 59 1
14 147 1
14 31 2
14 31 10
14 10 4
14 10 3
14 147 1
14 31 2
14 31 10
14 10 4
14 10 3
14 63 1
14 22 2
14 33 3
14 235 1
14 236 1
14 150 5
14 152 1
14 158 1
14 158 2
14 184 1
14 137 1
14 112 1
14 189 6
14 211 7
14 190 3
14 193 5
14 148 1
14 148 2
14 149 1
14 159 1
14 63 1
14 150 5
14 152 1
14 158 1
14 158 2
14 184 1
14 137 1
14 112 1
14 22 2
14 33 3
14 235 1
14 236 1
14 189 6
14 211 7
14 190 3
14 193 5
14 148 1
14 148 2
14 149 1
14 159 1
110 27 2
110 11 1
110 12 3
110 12 14
110 127 1
110 214 1
110 81 1
110 32 1
110 15 2
110 114 1
110 95 1
110 137 1
110 84 4
110 27 2
110 11 1
110 12 3
110 12 14
110 127 1
110 81 1
110 32 1
110 15 2
110 114 1
110 95 1
110 137 1
110 84 4
110 214 1
110 33 4
110 34 1
110 33 4
110 34 1
275 259 1
275 122 1
275 115 1
275 23 1
275 34 1
275 122 1
275 115 1
275 259 1
275 23 1
275 34 1
275 236 2
275 236 2
275 281 10
183 72 1
183 256 7
183 72 1
183 256 7
183 255 2
183 122 1
183 23 10
183 274 4
183 273 3
183 253 1
183 253 2
183 255 2
183 122 1
183 23 10
183 274 4
183 273 3
183 253 1
183 253 2
102 7 6
102 7 3
102 8 3
102 98 1
102 98 1
102 71 1
102 7 6
102 7 3
102 8 3
102 98 1
102 98 1
102 71 1
102 104 1
102 104 1
107 30 5
107 30 5
107 108 2
107 129 2
107 109 3
107 4 1
107 127 1
107 127 1
107 128 1
107 128 1
107 106 1
107 114 2
107 130 1
107 131 1
107 110 1
107 36 1
107 36 1
107 108 2
107 129 2
107 109 3
107 4 1
107 127 1
107 127 1
107 128 1
107 128 1
107 106 1
107 114 2
107 130 1
107 131 1
107 110 1
107 36 1
107 36 1
101 7 1
101 7 4
101 7 1
101 7 4
101 58 1
101 126 1
101 102 2
101 104 2
101 12 2
101 13 1
101 4 1
101 63 1
101 127 1
101 127 3
101 128 1
101 81 2
101 91 1
101 32 1
101 5 1
101 50 1
101 76 1
101 126 1
101 102 2
101 104 2
101 12 2
101 13 1
101 4 1
101 63 1
101 127 1
101 127 3
101 128 1
101 81 2
101 91 1
101 32 1
101 5 1
101 50 1
101 58 1
101 76 1
108 30 8
108 30 2
108 9 2
108 39 1
108 77 1
108 78 1
108 30 8
108 30 2
108 9 2
108 77 1
108 39 1
108 78 1
258 66 1
258 257 7
258 66 1
258 257 7
258 21 1
258 34 11
258 275 1
258 274 2
258 273 2
258 236 1
258 254 3
258 21 1
258 34 11
258 275 1
258 274 2
258 273 2
258 236 1
258 254 3
90 97 1
90 97 1
90 96 2
90 7 1
90 7 1
90 30 1
90 30 2
90 8 2
90 9 1
90 9 9
90 99 2
90 99 2
90 77 4
90 77 10
90 97 1
90 97 1
90 96 2
90 7 1
90 7 1
90 30 1
90 30 2
90 8 2
90 9 1
90 9 9
90 99 2
90 99 2
90 77 4
90 77 10
90 82 1
90 105 1
90 94 1
90 82 1
90 105 1
90 94 1
63 147 1
63 147 2
63 153 2
63 156 1
63 31 2
63 31 5
63 10 16
63 4 1
63 14 1
63 147 1
63 147 2
63 153 2
63 156 1
63 31 2
63 31 5
63 10 16
63 4 1
63 14 1
63 22 3
63 33 2
63 238 1
63 235 1
63 236 1
63 150 5
63 152 1
63 152 2
63 158 1
63 162 1
63 189 2
63 211 3
63 190 3
63 193 1
63 194 1
63 148 2
63 154 1
63 157 1
63 150 5
63 152 1
63 152 2
63 158 1
63 162 1
63 22 3
63 33 2
63 238 1
63 235 1
63 236 1
63 189 2
63 211 3
63 190 3
63 193 1
63 194 1
63 148 2
63 154 1
63 157 1
50 126 2
50 11 10
50 12 1
50 214 1
50 91 1
50 15 2
50 18 3
50 126 2
50 11 10
50 12 1
50 91 1
50 15 2
50 18 3
50 214 1
50 151 1
50 22 4
50 22 4
50 151 1
245 61 7
245 61 4
245 42 1
245 64 1
245 134 2
245 134 1
245 215 1
245 215 1
245 215 6
245 216 1
245 216 2
245 216 6
245 95 2
245 61 7
245 61 4
245 64 1
245 134 2
245 134 1
245 215 1
245 215 6
245 216 2
245 216 6
245 95 2
245 42 1
245 215 1
245 216 1
245 19 1
245 19 1
248 115 1
248 115 1
122 9 2
122 72 1
122 31 1
122 31 1
122 11 1
122 12 1
122 12 1
122 4 1
122 14 1
122 14 1
122 63 3
122 63 2
122 132 1
122 255 2
122 74 1
122 112 1
122 49 1
122 49 2
122 9 2
122 72 1
122 31 1
122 31 1
122 12 1
122 4 1
122 14 1
122 14 1
122 63 3
122 63 2
122 132 1
122 49 1
122 49 2
122 11 1
122 12 1
122 255 2
122 74 1
122 112 1
122 122 1
122 122 1
122 115 3
122 51 1
122 142 1
122 260 1
122 277 1
122 221 1
122 276 1
122 135 1
122 124 1
122 25 2
122 25 2
122 115 3
122 51 1
122 142 1
122 260 1
122 277 1
122 221 1
122 276 1
122 135 1
122 124 1
122 25 2
122 25 2
203 31 3
203 10 7
203 13 1
203 4 3
203 15 1
203 31 3
203 10 7
203 13 1
203 4 3
203 15 1
203 170 1
203 19 1
203 207 1
203 137 3
203 19 1
203 244 1
203 170 1
203 207 1
203 137 3
203 19 1
203 19 1
203 244 1
253 256 2
253 23 3
253 274 1
253 256 2
253 23 3
253 274 1
253 281 1
253 281 5
178 177 2
178 179 1
178 177 1
178 181 2
178 179 1
178 177 1
178 177 2
178 181 2
178 281 2
159 18 1
159 148 2
159 136 2
159 149 2
159 148 2
159 136 2
159 18 1
159 149 2
159 163 1
159 163 1
159 281 23
192 31 1
192 31 1
192 14 6
192 263 1
192 85 1
192 115 1
192 52 1
192 138 6
192 238 1
192 238 3
192 58 1
192 221 1
192 37 3
192 31 1
192 14 6
192 263 1
192 85 1
192 115 1
192 138 6
192 238 1
192 238 3
192 58 1
192 221 1
192 37 3
192 31 1
192 52 1
11 145 1
11 156 1
11 160 1
11 161 1
11 167 1
11 172 2
11 174 1
11 176 1
11 31 6
11 31 1
11 10 5
11 10 2
11 156 1
11 160 1
11 161 1
11 167 1
11 174 1
11 176 1
11 31 6
11 31 1
11 10 5
11 10 2
11 145 1
11 172 2
11 12 3
11 162 1
11 219 1
11 202 1
11 187 2
11 220 2
11 134 1
11 122 1
11 115 1
11 133 1
11 93 1
11 221 1
11 125 1
11 136 3
11 222 1
11 223 1
11 224 1
11 225 2
11 226 7
11 199 1
11 227 2
11 228 2
11 12 1
11 13 1
11 4 2
11 14 1
11 63 2
11 42 1
11 131 1
11 194 1
11 164 1
11 197 1
11 136 1
11 229 1
11 12 1
11 12 3
11 13 1
11 4 2
11 14 1
11 63 2
11 42 1
11 162 1
11 219 1
11 202 1
11 187 2
11 220 2
11 134 1
11 131 1
11 122 1
11 115 1
11 133 1
11 93 1
11 221 1
11 194 1
11 164 1
11 197 1
11 125 1
11 136 1
11 136 3
11 222 1
11 223 1
11 224 1
11 225 2
11 226 7
11 199 1
11 227 2
11 228 2
11 229 1
218 10 2
218 198 1
218 227 1
218 10 2
218 198 1
218 227 1
218 281 11
177 178 2
177 178 2
177 133 2
177 181 4
177 133 2
177 181 2
177 181 2
177 281 2
179 178 1
179 201 1
179 201 1
179 249 1
179 178 1
179 201 1
179 249 1
179 201 1
179 131 1
179 181 3
179 131 1
179 181 3
179 281 2
251 198 3
251 180 2
251 227 1
251 228 1
251 198 3
251 180 2
251 227 1
251 228 1
251 281 13
132 99 1
132 31 1
132 31 1
132 14 2
132 14 2
132 113 1
132 99 1
132 31 1
132 31 1
132 14 2
132 14 2
132 113 1
132 51 1
132 75 1
132 49 2
132 49 3
132 122 1
132 122 3
132 51 2
132 51 3
132 49 2
132 49 3
132 122 1
132 122 3
132 51 2
132 51 3
132 51 1
132 75 1
127 11 1
127 12 2
127 11 1
127 12 2
127 128 23
127 81 2
127 91 3
127 28 1
127 128 1
127 128 6
127 214 1
127 214 1
127 81 2
127 91 3
127 91 1
127 32 1
127 15 1
127 42 1
127 106 1
127 216 1
127 210 2
127 5 1
127 28 1
127 125 1
127 125 0
127 128 1
127 128 6
127 128 23
127 214 1
127 214 1
127 81 2
127 81 2
127 91 3
127 91 1
127 91 3
127 32 1
127 15 1
127 42 1
127 106 1
127 216 1
127 210 2
127 5 1
127 28 1
127 28 1
127 125 1
127 125 0
127 281 2
93 89 1
93 8 2
93 31 1
93 31 2
93 11 1
93 11 2
93 11 4
93 12 4
93 134 3
93 21 1
93 54 2
93 35 2
93 56 2
93 144 1
93 123 1
93 89 1
93 8 2
93 31 2
93 11 2
93 11 4
93 12 4
93 134 3
93 21 1
93 56 2
93 144 1
93 31 1
93 11 1
93 54 2
93 35 2
93 123 1
93 221 1
93 221 1
207 31 3
207 31 5
207 10 2
207 10 9
207 13 7
207 4 6
207 214 1
207 203 1
207 31 3
207 31 5
207 10 2
207 10 9
207 13 7
207 4 6
207 214 1
207 203 1
207 18 4
207 210 1
207 210 1
207 18 4
51 9 3
51 78 1
51 143 1
51 145 2
51 14 1
51 14 1
51 63 1
51 61 1
51 40 2
51 132 1
51 132 1
51 111 1
51 48 1
51 255 1
51 74 1
51 122 1
51 122 1
51 78 1
51 143 1
51 14 1
51 14 1
51 63 1
51 40 2
51 132 1
51 111 1
51 122 1
51 9 3
51 145 2
51 61 1
51 132 1
51 48 1
51 255 1
51 74 1
51 122 1
51 52 3
51 274 1
51 191 1
51 213 1
51 136 1
51 151 2
51 75 2
51 246 1
51 144 3
51 52 3
51 75 2
51 274 1
51 246 1
51 144 3
51 191 1
51 213 1
51 136 1
51 151 2
223 11 1
223 266 27
223 136 1
223 222 1
223 266 6
223 266 21
223 11 1
223 136 1
223 222 1
223 224 1
223 171 1
223 171 6
223 224 1
223 171 7
223 281 22
97 96 1
97 8 1
97 98 1
97 99 7
97 96 1
97 8 1
97 98 1
97 99 7
24 1 1
24 89 1
24 9 1
24 126 1
24 143 1
24 3 1
24 3 1
24 104 1
24 31 1
24 12 2
24 14 2
24 73 1
24 44 1
24 47 1
24 133 1
24 55 1
24 69 1
24 69 2
24 238 3
24 1 1
24 9 1
24 126 1
24 143 1
24 3 1
24 31 1
24 12 2
24 14 2
24 44 1
24 133 1
24 55 1
24 69 1
24 69 2
24 238 3
24 89 1
24 3 1
24 104 1
24 73 1
24 47 1
24 56 3
24 146 1
24 144 1
24 260 1
24 221 2
24 276 1
24 76 1
24 76 1
24 146 1
24 56 3
24 144 1
24 260 1
24 221 2
24 276 1
24 76 1
24 76 1
24 146 1
24 146 1
24 281 3
24 281 1
238 63 1
238 255 1
238 141 1
238 138 6
238 55 1
238 138 6
238 63 1
238 255 1
238 141 1
238 55 1
238 235 1
238 118 1
238 37 1
238 235 1
238 118 1
238 37 1
238 281 3
238 281 6
41 6 1
41 6 1
41 133 1
41 31 1
41 14 2
41 63 1
41 63 1
41 69 1
41 31 1
41 14 2
41 63 1
41 63 1
41 133 1
41 69 1
150 31 2
150 10 6
150 31 2
150 10 6
150 184 1
150 211 2
150 190 3
150 155 2
150 155 2
150 151 3
150 151 14
150 149 1
150 184 1
150 155 4
150 211 2
150 190 3
150 151 17
150 149 1
150 281 16
43 6 3
43 81 1
43 15 1
43 6 3
43 81 1
43 15 1
43 106 1
43 210 2
43 131 2
43 116 1
43 253 1
43 106 1
43 210 2
43 131 2
43 116 1
43 253 1
158 160 1
158 160 1
158 10 2
158 160 1
158 160 1
158 10 2
158 184 1
158 184 1
158 162 1
158 165 1
158 159 1
158 159 24
158 163 6
158 184 2
158 162 1
158 165 1
158 159 25
158 163 6
158 281 30
152 153 1
152 156 1
152 31 2
152 10 2
152 153 1
152 156 1
152 31 2
152 10 2
152 211 1
152 193 2
152 155 1
152 151 2
152 149 2
152 149 9
152 159 3
152 159 2
152 155 1
152 211 1
152 193 2
152 151 2
152 149 11
152 159 5
152 281 15
36 0 1
36 107 1
36 62 1
36 27 1
36 27 1
36 109 1
36 10 1
36 12 1
36 13 1
36 63 3
36 32 1
36 83 1
36 67 1
36 75 1
36 55 4
36 69 2
36 235 5
36 0 1
36 107 1
36 62 1
36 27 1
36 10 1
36 12 1
36 13 1
36 63 3
36 32 1
36 75 1
36 55 4
36 69 2
36 235 5
36 27 1
36 109 1
36 83 1
36 67 1
36 144 1
36 87 1
36 87 1
36 144 1
36 87 1
36 87 1
36 281 3
184 31 3
184 10 2
184 150 1
184 158 1
184 158 1
184 31 3
184 10 2
184 150 1
184 162 1
184 224 1
184 162 1
184 165 1
184 163 12
184 166 2
184 166 13
184 162 1
184 162 1
184 165 1
184 224 1
184 163 12
184 166 15
184 281 26
186 31 2
186 31 2
96 97 1
96 97 1
96 9 1
96 77 12
96 77 1
96 90 1
96 9 1
96 77 12
96 77 1
96 90 1
52 8 3
52 62 1
52 145 1
52 63 2
52 61 4
52 40 1
52 40 1
52 113 1
52 68 1
52 130 1
52 262 1
52 115 1
52 115 1
52 51 3
52 62 1
52 63 2
52 61 4
52 40 1
52 115 1
52 8 3
52 145 1
52 40 1
52 113 1
52 68 1
52 130 1
52 262 1
52 115 1
52 51 3
52 212 1
52 192 1
52 75 1
52 56 4
52 75 1
52 56 4
52 212 1
52 192 1
200 10 1
200 10 1
200 201 1
200 201 1
123 9 1
123 126 1
123 31 1
123 31 1
123 10 3
123 14 1
123 45 1
123 21 1
123 121 2
123 121 1
123 246 1
123 9 1
123 126 1
123 31 1
123 31 1
123 10 3
123 14 1
123 45 1
123 21 1
123 121 2
123 121 1
123 246 1
123 93 1
123 93 1
255 44 1
255 44 1
255 122 2
255 51 1
255 238 1
255 60 1
255 21 1
255 138 1
255 138 3
255 221 3
255 122 2
255 21 1
255 51 1
255 138 1
255 138 3
255 238 1
255 221 3
255 60 1
281 153 11
281 156 12
281 160 9
281 161 10
281 167 10
281 174 1
281 178 2
281 127 2
281 128 4
281 40 1
281 40 1
281 42 10
281 150 16
281 152 15
281 158 30
281 184 26
281 168 17
281 185 6
281 250 1
281 229 3
281 147 13
281 201 1
281 120 3
281 231 24
281 162 25
281 219 6
281 155 34
281 165 28
281 266 32
281 270 1
281 249 1
281 175 1
281 175 4
281 106 7
281 114 5
281 114 1
281 256 1
281 256 4
281 257 1
281 257 6
281 46 1
281 46 12
281 237 1
281 237 12
281 259 3
281 259 6
281 263 1
281 263 9
281 179 2
281 177 2
281 278 1
281 210 1
281 210 2
281 131 2
281 131 1
281 133 2
281 133 1
281 22 3
281 22 1
281 33 3
281 33 1
281 54 4
281 35 3
281 35 2
281 141 1
281 141 7
281 138 10
281 55 9
281 55 2
281 69 3
281 69 1
281 238 3
281 238 6
281 235 6
281 235 3
281 275 10
281 274 12
281 273 15
281 236 5
281 246 2
281 246 1
281 24 3
281 24 1
281 36 3
281 56 7
281 56 1
281 144 5
281 144 2
281 135 3
281 135 5
281 59 3
281 59 7
281 76 3
281 76 3
281 86 3
281 86 3
281 124 4
281 124 1
281 119 3
281 37 3
281 25 3
281 25 1
281 253 1
281 253 5
281 254 2
281 254 5
281 261 6
281 261 3
281 265 1
281 265 7
281 193 11
281 194 19
281 148 29
281 154 25
281 157 19
281 195 20
281 164 27
281 169 23
281 196 20
281 198 18
281 180 14
281 125 5
281 136 26
281 232 35
281 222 20
281 223 22
281 224 28
281 225 2
281 226 32
281 199 24
281 227 20
281 228 14
281 250 5
281 267 9
281 267 1
281 229 8
281 230 4
281 230 3
281 239 2
281 282 1
281 151 12
281 149 22
281 159 23
281 163 25
281 166 26
281 171 27
281 280 24
281 269 25
281 271 28
281 233 22
281 218 11
281 251 13
281 181 12
128 182 1
128 104 1
128 11 1
128 12 3
128 12 2
128 127 23
128 127 1
128 182 1
128 104 1
128 11 1
128 12 3
128 12 2
128 127 23
128 81 2
128 91 1
128 230 1
128 81 2
128 91 1
128 32 2
128 15 1
128 114 1
128 5 1
128 218 1
128 81 2
128 81 2
128 91 1
128 91 1
128 32 1
128 32 1
128 15 1
128 114 1
128 5 1
128 230 1
128 218 1
128 281 4
113 8 1
113 10 1
113 10 1
113 14 1
113 63 1
113 63 3
113 8 1
113 10 1
113 10 1
113 14 1
113 63 1
113 63 3
113 132 1
113 52 1
113 75 1
113 132 1
113 85 2
113 85 3
113 122 1
113 115 1
113 115 6
113 51 1
113 52 3
113 52 1
113 132 1
113 132 1
113 85 2
113 85 3
113 122 1
113 115 1
113 115 6
113 51 1
113 52 3
113 52 1
113 52 1
113 75 1
254 257 1
254 34 3
254 235 1
254 275 1
254 273 1
254 257 1
254 34 3
254 235 1
254 275 1
254 273 1
254 212 1
254 212 1
254 281 2
254 281 5
9 96 1
9 96 1
9 120 1
9 111 2
9 112 1
9 51 3
9 22 1
9 121 1
9 35 1
9 10 1
9 12 3
9 14 1
9 49 1
9 122 4
9 22 4
9 22 12
9 33 1
9 116 1
9 124 1
9 124 2
9 37 1
9 125 3
9 10 1
9 12 3
9 14 1
9 120 1
9 111 2
9 112 1
9 49 1
9 122 4
9 51 3
9 22 4
9 22 12
9 22 1
9 33 1
9 121 1
9 35 1
9 116 1
9 124 1
9 124 2
9 37 1
9 125 3
282 281 1
137 145 1
137 153 1
137 31 5
137 31 2
137 31 5
137 10 3
137 10 7
137 11 2
137 11 6
137 12 6
137 13 5
137 4 1
137 14 1
137 63 1
137 32 3
137 42 1
137 201 1
137 231 1
137 162 3
137 219 4
137 202 1
137 187 2
137 220 1
137 45 1
137 203 1
137 215 1
137 215 1
137 243 1
137 170 1
137 95 5
137 95 1
137 95 2
137 145 1
137 153 1
137 31 2
137 31 5
137 10 7
137 11 2
137 11 6
137 12 6
137 13 5
137 4 1
137 14 1
137 63 1
137 42 1
137 201 1
137 231 1
137 162 1
137 162 2
137 219 4
137 202 1
137 187 2
137 220 1
137 45 1
137 203 1
137 215 1
137 95 1
137 95 2
137 31 5
137 10 3
137 32 3
137 215 1
137 243 1
137 170 1
137 95 5
137 244 2
137 217 1
137 169 2
137 208 1
137 196 1
137 19 1
137 217 1
137 133 2
137 133 3
137 276 2
137 222 2
137 222 1
137 224 1
137 224 1
137 225 3
137 226 1
137 227 1
137 208 1
137 19 1
137 244 2
137 217 1
137 217 1
137 133 2
137 133 3
137 276 2
137 169 2
137 196 1
137 222 3
137 224 2
137 225 3
137 226 1
137 227 1
23 255 1
23 130 1
23 255 1
23 130 1
23 275 1
23 275 1
151 155 4
151 155 1
151 111 5
151 50 1
151 51 2
151 119 1
151 193 2
151 194 1
151 250 1
151 155 1
151 193 2
151 155 4
151 111 5
151 50 1
151 51 2
151 119 1
151 194 1
151 250 1
151 149 7
151 149 7
151 281 12
40 6 1
40 145 1
40 61 2
40 6 1
40 145 1
40 61 2
40 18 6
40 20 1
40 52 1
40 135 1
40 59 2
40 86 1
40 43 1
40 5 1
40 22 2
40 33 2
40 69 1
40 246 1
40 116 1
40 135 1
40 124 1
40 119 2
40 43 1
40 18 6
40 5 1
40 20 1
40 52 1
40 22 2
40 33 2
40 69 1
40 246 1
40 116 1
40 135 1
40 135 1
40 59 2
40 86 1
40 124 1
40 119 2
40 281 1
40 281 1
262 140 1
262 263 1
262 263 1
262 140 1
262 115 1
262 52 1
262 138 1
262 38 1
262 21 1
262 53 2
262 34 2
262 238 4
262 273 1
262 58 4
262 115 1
262 21 1
262 52 1
262 53 2
262 34 2
262 138 1
262 238 4
262 273 1
262 58 4
262 38 1
235 14 1
235 63 1
235 130 1
235 141 1
235 141 3
235 138 1
235 69 1
235 238 1
235 141 1
235 141 3
235 14 1
235 63 1
235 130 1
235 138 1
235 69 1
235 238 1
235 70 1
235 25 1
235 58 1
235 276 1
235 70 1
235 58 1
235 276 1
235 25 1
235 281 6
235 281 3
75 96 1
75 71 3
75 71 3
75 78 4
75 78 1
75 72 1
75 83 1
75 113 1
75 132 1
75 132 1
75 134 2
75 106 1
75 18 1
75 49 1
75 49 4
75 85 1
75 51 1
75 96 1
75 71 3
75 71 3
75 78 4
75 78 1
75 72 1
75 83 1
75 132 1
75 134 2
75 106 1
75 18 1
75 49 1
75 49 4
75 85 1
75 51 1
75 113 1
75 132 1
75 146 5
75 87 1
75 87 1
75 146 5
75 87 1
75 87 1
34 255 1
34 130 1
34 255 1
34 130 1
34 275 1
34 275 1
136 11 3
136 12 1
136 219 1
136 155 20
136 165 1
136 51 1
136 194 1
136 125 4
136 155 3
136 155 17
136 165 1
136 194 1
136 11 3
136 12 1
136 219 1
136 51 1
136 125 4
136 232 1
136 223 1
136 225 2
136 267 1
136 149 9
136 159 3
136 232 1
136 223 1
136 225 2
136 267 1
136 149 9
136 159 3
136 281 26
61 29 1
61 145 2
61 11 1
61 14 2
61 63 1
61 11 1
61 14 2
61 63 1
61 29 1
61 145 2
61 40 2
61 18 1
61 84 1
61 112 2
61 20 1
61 21 1
61 51 1
61 135 1
61 59 1
61 86 1
61 125 4
61 227 1
61 64 1
61 134 1
61 215 2
61 215 1
61 216 1
61 245 1
61 22 2
61 33 1
61 247 1
61 117 1
61 248 1
61 119 1
61 40 2
61 64 1
61 134 1
61 215 2
61 215 1
61 216 1
61 245 1
61 18 1
61 84 1
61 112 2
61 20 1
61 21 1
61 51 1
61 22 2
61 33 1
61 247 1
61 117 1
61 248 1
61 135 1
61 59 1
61 86 1
61 119 1
61 125 4
61 227 1
242 214 1
242 214 2
242 91 1
242 200 1
242 134 1
242 134 1
242 234 2
242 234 1
242 234 5
242 214 1
242 214 2
242 91 1
242 200 1
242 134 1
242 134 1
242 234 1
242 234 5
242 234 2
242 204 1
242 18 3
242 205 5
242 5 2
242 204 1
242 205 5
242 18 3
242 5 2
95 147 1
95 31 2
95 31 1
95 31 1
95 10 4
95 11 5
95 12 1
95 12 11
95 13 5
95 4 2
95 14 2
95 63 1
95 32 1
95 32 1
95 32 2
95 15 1
95 15 1
95 152 1
95 168 1
95 185 1
95 231 3
95 162 4
95 219 3
95 202 2
95 187 2
95 220 1
95 220 2
95 134 1
95 134 4
95 272 1
95 147 1
95 31 1
95 31 1
95 10 4
95 11 5
95 12 1
95 12 11
95 13 5
95 4 2
95 14 2
95 63 1
95 32 1
95 32 2
95 15 1
95 152 1
95 168 1
95 185 1
95 231 3
95 162 1
95 162 3
95 219 1
95 219 2
95 202 2
95 187 2
95 220 1
95 220 2
95 134 4
95 31 2
95 32 1
95 15 1
95 134 1
95 272 1
95 137 5
95 199 2
95 227 1
95 137 2
95 133 1
95 133 4
95 121 2
95 221 2
95 232 1
95 222 1
95 223 1
95 224 2
95 226 1
95 227 2
95 228 1
95 137 2
95 137 5
95 133 1
95 133 4
95 121 2
95 221 2
95 232 1
95 222 1
95 223 1
95 224 2
95 226 1
95 199 2
95 227 2
95 227 1
95 228 1
8 97 1
8 97 1
8 111 1
8 112 1
8 52 3
8 33 1
8 54 1
8 99 1
8 90 1
8 31 2
8 11 1
8 11 4
8 45 1
8 115 1
8 115 3
8 50 1
8 52 1
8 22 2
8 33 1
8 33 12
8 116 2
8 117 2
8 119 4
8 99 1
8 90 1
8 31 2
8 11 1
8 11 4
8 111 1
8 45 1
8 112 1
8 115 1
8 115 3
8 50 1
8 52 1
8 52 3
8 22 2
8 33 1
8 33 12
8 33 1
8 54 1
8 116 2
8 117 2
8 119 4
261 23 3
261 274 1
261 273 1
261 236 2
261 23 3
261 274 1
261 273 1
261 236 2
261 281 6
261 281 3
82 26 3
82 96 1
82 96 6
82 30 1
82 77 2
82 78 1
82 78 2
82 78 5
82 79 1
82 90 2
82 80 1
82 16 1
82 26 3
82 96 1
82 96 6
82 77 2
82 78 2
82 78 5
82 79 1
82 90 2
82 80 1
82 30 1
82 78 1
82 16 1
82 83 1
82 110 2
82 52 1
82 75 2
82 83 1
82 110 2
82 52 1
82 75 2
100 7 2
100 8 1
100 99 2
100 71 1
100 90 1
100 8 1
100 99 2
100 71 1
100 90 1
100 7 2
100 103 1
100 104 2
100 105 1
100 105 1
100 94 1
100 94 1
100 122 1
100 103 1
100 104 2
100 105 1
100 105 1
100 94 1
100 94 1
100 122 1
29 0 1
29 6 2
29 0 1
29 6 2
29 61 1
29 41 1
29 31 1
29 31 4
29 10 1
29 4 2
29 63 1
29 15 1
29 61 1
29 61 1
29 40 1
29 66 1
29 45 1
29 17 1
29 68 2
29 19 1
29 51 4
29 51 3
29 52 4
29 53 1
29 69 2
29 70 1
29 41 1
29 31 1
29 31 4
29 10 1
29 4 2
29 63 1
29 15 1
29 61 1
29 61 1
29 61 1
29 40 1
29 66 1
29 45 1
29 17 1
29 68 2
29 19 1
29 51 4
29 51 3
29 52 4
29 53 1
29 69 2
29 70 1
2 1 1
2 1 1
2 1 1
2 1 1
2 71 5
2 71 7
2 72 1
2 72 4
2 74 1
2 49 3
2 49 12
2 51 1
2 75 2
2 76 2
2 71 5
2 71 7
2 72 1
2 72 4
2 74 1
2 49 3
2 49 12
2 51 1
2 75 2
2 76 2
138 262 1
138 262 1
138 235 1
138 117 1
138 119 1
138 238 1
138 238 11
138 191 1
138 238 1
138 238 11
138 235 1
138 117 1
138 119 1
138 191 1
138 281 10
60 11 1
60 44 1
60 46 1
60 255 1
60 74 1
60 21 1
60 138 1
60 260 1
60 59 1
60 11 1
60 44 1
60 46 1
60 21 1
60 138 1
60 260 1
60 59 1
60 255 1
60 74 1
60 146 2
60 146 2
60 146 2
60 146 2
18 1 1
18 145 7
18 145 1
18 31 1
18 31 1
18 31 1
18 10 1
18 10 1
18 11 2
18 11 3
18 12 6
18 4 2
18 63 1
18 91 1
18 61 1
18 40 6
18 111 2
18 242 3
18 207 4
18 137 1
18 137 2
18 1 1
18 145 1
18 31 1
18 31 1
18 10 1
18 10 1
18 11 2
18 11 3
18 12 6
18 4 2
18 63 1
18 91 1
18 137 1
18 137 2
18 145 7
18 31 1
18 61 1
18 40 6
18 111 2
18 242 3
18 207 4
18 84 1
18 112 1
18 159 1
18 181 2
18 51 2
18 84 1
18 112 1
18 51 2
18 159 1
18 181 2
190 31 1
190 10 1
190 150 3
190 31 1
190 10 1
190 150 3
84 26 1
84 145 9
84 145 2
84 27 1
84 31 1
84 10 2
84 11 4
84 12 5
84 81 3
84 61 1
84 42 1
84 42 3
84 165 1
84 111 13
84 111 1
84 111 1
84 95 4
84 137 1
84 137 6
84 18 1
84 26 1
84 145 2
84 27 1
84 31 1
84 10 2
84 11 4
84 12 5
84 81 3
84 42 1
84 42 3
84 165 1
84 111 1
84 111 1
84 95 4
84 137 1
84 137 6
84 145 9
84 61 1
84 111 13
84 18 1
84 163 1
84 166 1
84 28 1
84 85 2
84 52 1
84 33 1
84 36 1
84 28 1
84 85 2
84 52 1
84 33 1
84 36 1
84 163 1
84 166 1
211 10 3
211 150 2
211 152 1
211 10 3
211 150 2
211 152 1
86 61 1
86 40 1
86 236 3
86 117 4
86 118 3
86 236 3
86 117 4
86 61 1
86 40 1
86 118 3
86 281 3
86 281 3
49 92 1
49 92 1
49 85 1
49 54 2
49 35 1
49 35 3
49 141 2
49 141 10
49 138 7
49 55 4
49 55 2
49 69 4
49 69 2
49 238 1
49 238 8
49 235 2
49 235 9
49 142 2
49 124 3
49 124 5
49 119 3
49 119 7
49 37 1
49 37 5
49 25 1
49 25 10
49 85 1
49 54 2
49 35 1
49 35 3
49 141 2
49 141 10
49 138 7
49 55 4
49 55 2
49 69 4
49 69 2
49 238 1
49 238 8
49 235 2
49 235 9
49 142 2
49 124 3
49 124 5
49 119 3
49 119 7
49 37 1
49 37 5
49 25 1
49 25 10
206 31 1
206 201 1
206 201 7
206 134 4
206 134 2
206 188 1
206 31 1
206 201 7
206 134 4
206 134 2
206 188 1
206 201 1
206 243 1
206 272 1
206 180 1
206 95 2
206 180 2
206 243 1
206 272 1
206 95 2
206 180 2
206 180 1
6 1 1
6 1 1
6 39 1
6 40 1
6 29 1
6 31 2
6 10 3
6 14 1
6 42 1
6 43 1
6 44 1
6 45 1
6 45 1
6 46 1
6 47 1
6 47 1
6 48 1
6 48 1
6 49 1
6 50 1
6 51 2
6 51 3
6 52 3
6 52 3
6 53 2
6 54 1
6 35 1
6 55 2
6 55 2
6 24 1
6 56 1
6 57 1
6 58 1
6 59 1
6 60 1
6 29 1
6 39 1
6 31 2
6 10 3
6 14 1
6 40 1
6 42 1
6 43 1
6 44 1
6 45 1
6 45 1
6 46 1
6 47 1
6 47 1
6 48 1
6 48 1
6 49 1
6 50 1
6 51 2
6 51 3
6 52 3
6 52 3
6 53 2
6 54 1
6 35 1
6 55 2
6 55 2
6 24 1
6 56 1
6 57 1
6 58 1
6 59 1
6 60 1
216 61 16
216 134 19
216 134 16
216 215 3
216 61 16
216 134 19
216 134 16
216 215 3
216 245 1
216 169 1
216 271 1
216 95 1
216 137 1
216 95 1
216 137 1
216 245 1
216 169 1
216 271 1
103 7 1
103 30 2
103 30 1
103 30 2
103 9 1
103 79 2
103 27 1
103 100 1
103 7 1
103 30 1
103 30 2
103 9 1
103 79 2
103 27 1
103 30 2
103 100 1
103 105 1
103 94 1
103 94 1
103 105 1
103 94 1
103 94 1
16 1 1
16 97 1
16 97 4
16 7 1
16 99 1
16 71 3
16 71 7
16 79 4
16 102 1
16 1 1
16 97 1
16 97 4
16 99 1
16 71 3
16 71 7
16 79 4
16 102 1
16 7 1
16 82 1
16 73 1
16 82 1
16 73 1
71 7 3
71 8 2
71 8 2
71 9 2
71 9 6
71 7 3
71 8 2
71 8 2
71 9 2
71 9 6
71 78 2
71 102 1
71 3 1
71 79 1
71 63 5
71 134 1
71 49 3
71 49 5
71 51 1
71 22 4
71 135 1
71 135 8
71 76 7
71 136 1
71 78 2
71 79 1
71 102 1
71 3 1
71 63 5
71 134 1
71 49 3
71 49 5
71 51 1
71 22 4
71 135 1
71 135 8
71 76 7
71 136 1
204 31 9
204 10 6
204 13 1
204 31 9
204 10 6
204 13 1
204 205 3
204 205 1
204 95 13
204 180 1
204 205 1
204 205 3
204 95 13
204 180 1
240 241 1
270 233 1
270 226 1
270 271 1
270 226 1
270 271 1
270 233 1
270 281 1
249 281 1
276 122 1
276 115 1
276 56 1
276 58 1
276 122 1
276 115 1
276 56 1
276 58 1
155 12 1
155 152 2
155 152 2
155 12 1
155 165 1
155 151 4
155 149 2
155 149 1
155 165 1
155 151 4
155 149 1
155 149 2
155 281 34
165 158 1
165 155 1
165 158 1
165 155 1
165 266 2
165 163 2
165 159 1
165 163 1
165 266 2
165 159 1
165 163 1
165 163 2
165 281 28
266 165 2
266 165 2
266 268 1
266 268 1
266 281 32
76 278 1
76 236 1
76 236 4
76 116 3
76 70 2
76 278 1
76 236 1
76 236 4
76 116 3
76 70 2
76 281 3
76 281 3
231 12 1
231 158 5
231 120 1
231 158 5
231 12 1
231 120 1
231 162 6
231 125 2
231 165 1
231 165 1
231 159 7
231 159 16
231 163 6
231 163 8
231 166 1
231 162 6
231 165 2
231 125 2
231 159 23
231 163 14
231 166 1
231 281 24
57 115 1
57 115 1
264 263 6
264 263 6
264 262 1
264 262 1
264 85 2
264 53 1
264 53 2
264 34 1
264 34 14
264 274 3
264 273 2
264 236 3
264 265 4
264 87 1
264 262 1
264 262 1
264 85 2
264 53 1
264 53 2
264 34 1
264 34 14
264 274 3
264 273 2
264 236 3
264 265 4
264 87 1
217 10 1
217 4 1
217 137 1
217 137 1
217 112 1
217 10 1
217 4 1
217 137 1
217 112 1
217 137 1
217 180 1
217 180 1
78 30 1
78 8 1
78 8 7
78 9 1
78 71 2
78 30 1
78 8 1
78 8 7
78 9 1
78 71 2
78 108 1
78 27 1
78 82 1
78 14 4
78 63 1
78 63 1
78 134 1
78 134 1
78 85 4
78 85 3
78 33 1
78 33 3
78 59 5
78 86 3
78 119 1
78 108 1
78 27 1
78 14 4
78 63 1
78 63 1
78 82 1
78 134 1
78 134 1
78 85 4
78 85 3
78 33 1
78 33 3
78 59 5
78 86 3
78 119 1
3 1 1
3 1 1
3 2 3
3 7 5
3 7 2
3 8 2
3 8 3
3 71 1
3 1 1
3 2 3
3 7 5
3 7 2
3 8 2
3 8 3
3 1 1
3 71 1
3 27 1
3 20 2
3 24 1
3 104 1
3 31 2
3 11 6
3 13 2
3 4 2
3 4 2
3 49 4
3 22 1
3 23 1
3 27 1
3 104 1
3 31 2
3 11 6
3 13 2
3 4 2
3 4 2
3 49 4
3 20 2
3 22 1
3 23 1
3 24 1
252 132 1
252 259 7
252 47 1
252 132 1
252 259 7
252 47 1
252 74 1
252 49 1
252 53 2
252 23 11
252 274 1
252 274 1
252 273 4
252 236 1
252 261 3
252 74 1
252 49 1
252 53 2
252 23 11
252 274 1
252 274 1
252 273 4
252 236 1
252 261 3
85 140 1
85 237 1
85 49 4
85 140 1
85 237 1
85 49 4
85 54 1
85 141 1
85 141 9
85 138 1
85 138 10
85 55 2
85 55 1
85 69 1
85 69 7
85 238 12
85 235 1
85 235 9
85 117 1
85 142 1
85 57 1
85 260 1
85 124 2
85 124 5
85 119 1
85 119 6
85 37 2
85 37 11
85 25 1
85 25 6
85 54 1
85 141 1
85 141 9
85 138 1
85 138 10
85 55 2
85 55 1
85 69 1
85 69 7
85 238 12
85 235 1
85 235 9
85 117 1
85 142 1
85 57 1
85 260 1
85 124 2
85 124 5
85 119 1
85 119 6
85 37 2
85 37 11
85 25 1
85 25 6
214 10 1
214 10 2
214 11 1
214 11 1
214 12 2
214 4 1
214 14 1
214 63 1
214 127 1
214 10 1
214 10 2
214 11 1
214 11 1
214 12 2
214 4 1
214 14 1
214 63 1
214 127 1
214 50 1
214 110 1
214 32 1
214 42 1
214 200 1
214 234 2
214 95 1
214 131 1
214 131 1
214 84 1
214 28 1
214 112 1
214 198 1
214 32 1
214 42 1
214 200 1
214 234 2
214 95 1
214 131 1
214 131 1
214 84 1
214 28 1
214 112 1
214 50 1
214 110 1
214 198 1
278 116 5
278 76 1
278 76 5
278 116 5
278 76 1
278 76 5
278 281 1
260 122 1
260 122 1
4 1 2
4 89 1
4 161 1
4 176 1
4 31 3
4 31 13
4 10 1
4 10 14
4 11 1
4 13 2
4 161 1
4 176 1
4 31 3
4 31 13
4 10 1
4 10 14
4 11 1
4 13 2
4 1 2
4 89 1
4 32 2
4 17 1
4 150 2
4 152 1
4 158 1
4 158 1
4 184 1
4 184 1
4 168 2
4 200 1
4 201 1
4 219 1
4 111 1
4 188 2
4 207 1
4 189 1
4 211 3
4 190 1
4 194 1
4 148 2
4 195 1
4 198 1
4 32 2
4 150 2
4 152 1
4 158 1
4 158 1
4 184 1
4 184 1
4 168 2
4 200 1
4 201 1
4 219 1
4 111 1
4 17 1
4 188 2
4 207 1
4 189 1
4 211 3
4 190 1
4 194 1
4 148 2
4 195 1
4 198 1
205 31 7
205 10 7
205 13 1
205 4 1
205 127 1
205 81 1
205 200 1
205 204 3
205 204 1
205 31 7
205 10 7
205 13 1
205 4 1
205 127 1
205 200 1
205 204 1
205 81 1
205 204 3
205 95 6
205 137 3
205 180 2
205 95 6
205 137 3
205 180 2
210 31 2
210 12 2
210 12 1
210 13 3
210 4 3
210 14 1
210 128 1
210 214 1
210 32 5
210 15 2
210 15 3
210 42 2
210 43 1
210 43 1
210 65 2
210 155 2
210 207 1
210 95 1
210 31 2
210 12 1
210 13 3
210 4 3
210 14 1
210 128 1
210 214 1
210 32 5
210 15 2
210 15 3
210 42 2
210 43 1
210 43 1
210 65 2
210 155 2
210 207 1
210 95 1
210 12 2
210 131 5
210 28 1
210 112 1
210 244 1
210 50 1
210 131 5
210 28 1
210 112 1
210 244 1
210 50 1
210 281 1
210 281 2
145 11 1
145 61 2
145 40 1
145 18 7
145 84 9
145 51 2
145 52 1
145 31 1
145 31 1
145 10 1
145 10 2
145 11 1
145 11 2
145 12 4
145 13 1
145 4 1
145 32 1
145 113 2
145 132 2
145 137 2
145 18 1
145 49 1
145 49 2
145 85 1
145 85 1
145 146 1
145 31 1
145 31 1
145 10 1
145 10 2
145 11 1
145 11 2
145 11 1
145 12 4
145 13 1
145 4 1
145 32 1
145 61 2
145 40 1
145 113 2
145 132 2
145 137 2
145 18 1
145 18 7
145 84 9
145 49 1
145 49 2
145 85 1
145 85 1
145 51 2
145 52 1
145 146 1
250 42 2
250 155 7
250 165 6
250 266 6
250 111 1
250 112 2
250 42 2
250 155 4
250 155 3
250 165 2
250 165 4
250 266 2
250 266 4
250 111 1
250 112 2
250 267 6
250 229 2
250 267 3
250 151 1
250 229 1
250 151 1
250 151 3
250 149 1
250 159 1
250 163 2
250 166 2
250 166 3
250 171 1
250 267 3
250 267 6
250 229 1
250 229 2
250 151 4
250 151 1
250 149 1
250 159 1
250 163 2
250 166 5
250 171 1
250 281 1
250 281 5
229 42 1
229 155 2
229 165 4
229 266 5
229 268 1
229 268 12
229 111 1
229 114 1
229 131 1
229 84 1
229 28 4
229 250 2
229 250 2
229 267 2
229 267 1
229 42 1
229 155 1
229 155 1
229 165 4
229 266 1
229 266 4
229 268 2
229 268 10
229 111 1
229 114 1
229 131 1
229 84 1
229 28 4
229 250 2
229 267 1
229 268 1
229 250 2
229 267 2
229 230 1
229 239 2
229 151 1
229 149 1
229 159 1
229 163 2
229 166 3
229 166 1
229 171 3
229 171 1
229 280 5
229 230 1
229 239 2
229 151 1
229 149 1
229 159 1
229 163 2
229 166 4
229 171 4
229 280 5
229 281 3
229 281 8
220 11 2
220 12 1
220 11 2
220 12 1
220 181 2
220 181 2
160 158 1
160 161 1
160 163 3
160 163 8
160 161 1
160 158 1
160 163 11
160 281 9
161 31 1
161 10 1
161 164 1
161 165 1
161 166 3
161 166 6
161 31 1
161 10 1
161 165 1
161 164 1
161 166 9
161 281 10
167 31 1
167 10 1
167 12 1
167 168 2
167 169 1
167 171 3
167 171 10
167 31 1
167 10 1
167 12 1
167 168 2
167 169 1
167 171 13
167 281 10
172 31 6
172 10 5
172 11 2
172 12 2
172 31 6
172 10 5
172 11 2
172 12 2
147 31 3
147 10 2
147 148 1
147 149 1
147 150 2
147 151 1
147 151 4
147 31 3
147 10 2
147 150 2
147 148 1
147 151 5
147 149 1
147 281 13
153 152 1
153 154 2
153 120 1
153 155 1
153 149 4
153 149 6
153 152 1
153 120 1
153 155 1
153 154 2
153 149 10
153 281 11
156 31 2
156 10 1
156 152 1
156 157 2
156 158 1
156 155 1
156 149 1
156 159 1
156 159 14
156 31 2
156 10 1
156 152 1
156 158 1
156 155 1
156 157 2
156 149 1
156 159 15
156 281 12
55 68 2
55 49 4
55 85 3
55 141 1
55 138 1
55 68 2
55 49 4
55 85 3
55 138 1
55 69 3
55 141 1
55 238 1
55 273 1
55 246 1
55 69 3
55 238 1
55 273 1
55 246 1
55 281 9
55 281 2
13 0 2
13 147 1
13 160 1
13 161 1
13 176 1
13 178 2
13 31 1
13 31 12
13 10 2
13 10 17
13 147 1
13 160 1
13 161 1
13 176 1
13 178 2
13 31 1
13 31 12
13 10 2
13 10 17
13 0 2
13 64 2
13 45 1
13 17 1
13 150 1
13 152 1
13 158 4
13 184 1
13 184 1
13 168 1
13 200 1
13 188 1
13 95 1
13 189 1
13 189 1
13 211 1
13 190 1
13 157 1
13 157 1
13 64 2
13 150 1
13 152 1
13 158 4
13 184 1
13 184 1
13 168 1
13 200 1
13 45 1
13 17 1
13 188 1
13 95 1
13 189 1
13 189 1
13 211 1
13 190 1
13 157 1
13 157 1
173 31 4
173 10 3
173 31 4
173 10 3
174 31 4
174 10 1
174 175 7
174 10 1
174 31 4
174 10 1
174 10 1
174 175 7
174 281 1
27 0 1
27 0 2
27 26 2
27 30 6
27 30 4
27 9 1
27 9 2
27 78 1
27 3 1
27 0 2
27 26 2
27 30 6
27 30 4
27 9 1
27 9 2
27 0 1
27 78 1
27 3 1
27 109 1
27 21 2
27 36 1
27 10 1
27 10 4
27 12 3
27 13 1
27 13 4
27 4 1
27 63 3
27 114 1
27 84 1
27 85 2
27 36 2
27 109 1
27 10 1
27 10 4
27 12 3
27 13 1
27 13 4
27 4 1
27 63 3
27 114 1
27 84 1
27 85 2
27 21 2
27 36 2
27 36 1
