In Deg 1 nodes:
[37, 11, 12, 13, 15, 105, 39, 53, 63, 64, 112, 83, 214, 213, 151, 184, 171, 185, 175, 176, 181, 182, 190, 191, 209, 210, 211, 212, 231, 232, 233, 243, 257, 259, 267, 268, 273, 291, 292, 293, 294, 295, 296, 297, 298, 299, 300, 301, 302]
Out Deg 1 nodes:
[23, 131, 24, 132, 303, 305, 27, 26, 133, 134, 105, 106, 129, 130, 162, 164, 163, 306, 275, 277, 278, 175, 176, 274, 194, 211, 282, 279, 280, 281, 291, 292, 293, 294, 295, 296, 297, 298, 299, 300, 301, 302]
Set Intersection:
[105,
 175,
 176,
 211,
 291,
 292,
 293,
 294,
 295,
 296,
 297,
 298,
 299,
 300,
 301,
 302}

In Deg >20 nodes:
[51, 72, 77, 78, 90, 71, 89, 305, 73, 74, 52, 75, 76, 216, 198, 217, 306]
Out Deg >20 nodes:
[72, 71, 216, 217]


